


































































































































0.979798	0.979798	
0.979798	0.979798	0.979798	
0.979798	0.979798	0.979798	0.979798	
0.979798	0.979798	0.979798	0.979798	0.979798	
0.979798	0.979798	0.979798	0.979798	0.979798	0.979798	
0.979798	0.979798	0.979798	0.979798	0.979798	0.979798	0.979798	
0.979798	0.979798	0.979798	0.979798	0.979798	0.979798	0.979798	0.979798	
0.979798	0.979798	0.979798	0.979798	0.979798	0.979798	0.979798	0.979798	0.979798	
0.979798	0.979798	0.979798	0.979798	0.979798	0.979798	0.979798	0.979798	0.979798	0.979798	
0.979798	0.979798	0.979798	0.979798	0.979798	0.979798	0.979798	0.979798	0.979798	0.979798	0.979798	
0.979798	0.979798	0.979798	0.979798	0.979798	0.979798	0.979798	0.979798	0.979798	0.979798	0.979798	0.979798	
0.979798	0.979798	0.979798	0.979798	0.979798	0.979798	0.979798	0.979798	0.979798	0.979798	0.979798	0.979798	0.979798	
0.979798	0.979798	0.979798	0.979798	0.979798	0.979798	0.979798	0.979798	0.979798	0.979798	0.979798	0.979798	0.979798	0.979798	
0.979798	0.979798	0.979798	0.979798	0.979798	0.979798	0.979798	0.979798	0.979798	0.979798	0.979798	0.979798	0.979798	0.979798	0.979798	
0.979798	0.979798	0.979798	0.979798	0.979798	0.979798	0.979798	0.979798	0.979798	0.979798	0.979798	0.979798	0.979798	0.979798	0.979798	0.979798	
0.979798	0.979798	0.979798	0.979798	0.979798	0.979798	0.979798	0.979798	0.979798	0.979798	0.979798	0.979798	0.979798	0.979798	0.979798	0.979798	0.979798	
0.979798	0.979798	0.979798	0.979798	0.979798	0.979798	0.979798	0.979798	0.979798	0.979798	0.979798	0.979798	0.979798	0.979798	0.979798	0.979798	0.979798	0.979798	
0.979798	0.979798	0.979798	0.979798	0.979798	0.979798	0.979798	0.979798	0.979798	0.979798	0.979798	0.979798	0.979798	0.979798	0.979798	0.979798	0.979798	0.979798	0.979798	
0.979798	0.979798	0.979798	0.979798	0.979798	0.979798	0.979798	0.979798	0.979798	0.979798	0.979798	0.979798	0.979798	0.979798	0.979798	0.979798	0.979798	0.979798	0.979798	0.979798	
0.979798	0.979798	0.979798	0.979798	0.979798	0.979798	0.979798	0.979798	0.979798	0.979798	0.979798	0.979798	0.979798	0.979798	0.979798	0.979798	0.979798	0.979798	0.979798	0.979798	0.979798	
0.979798	0.979798	0.979798	0.979798	0.979798	0.979798	0.979798	0.979798	0.979798	0.979798	0.979798	0.979798	0.979798	0.979798	0.979798	0.979798	0.979798	0.979798	0.979798	0.979798	0.979798	0.979798	
0.979798	0.979798	0.979798	0.979798	0.979798	0.979798	0.979798	0.979798	0.979798	0.979798	0.979798	0.979798	0.979798	0.979798	0.979798	0.979798	0.979798	0.979798	0.979798	0.979798	0.979798	0.979798	0.979798	
0.979798	0.979798	0.979798	0.979798	0.979798	0.979798	0.979798	0.979798	0.979798	0.979798	0.979798	0.979798	0.979798	0.979798	0.979798	0.979798	0.979798	0.979798	0.979798	0.979798	0.979798	0.979798	0.979798	0.979798	
0.979798	0.979798	0.979798	0.979798	0.979798	0.979798	0.979798	0.979798	0.979798	0.979798	0.979798	0.979798	0.979798	0.979798	0.979798	0.979798	0.979798	0.979798	0.979798	0.979798	0.979798	0.979798	0.979798	0.979798	0.979798	
0.979798	0.979798	0.979798	0.979798	0.979798	0.979798	0.979798	0.979798	0.979798	0.979798	0.979798	0.979798	0.979798	0.979798	0.979798	0.979798	0.979798	0.979798	0.979798	0.979798	0.979798	0.979798	0.979798	0.979798	0.979798	0.979798	
0.979798	0.979798	0.979798	0.979798	0.979798	0.979798	0.979798	0.979798	0.979798	0.979798	0.979798	0.979798	0.979798	0.979798	0.979798	0.979798	0.979798	0.979798	0.979798	0.979798	0.979798	0.979798	0.979798	0.979798	0.979798	0.979798	0.979798	
0.979798	0.979798	0.979798	0.979798	0.979798	0.979798	0.979798	0.979798	0.979798	0.979798	0.979798	0.979798	0.979798	0.979798	0.979798	0.979798	0.979798	0.979798	0.979798	0.979798	0.979798	0.979798	0.979798	0.979798	0.979798	0.979798	0.979798	0.979798	
0.979798	0.979798	0.979798	0.979798	0.979798	0.979798	0.979798	0.979798	0.979798	0.979798	0.979798	0.979798	0.979798	0.979798	0.979798	0.979798	0.979798	0.979798	0.979798	0.979798	0.979798	0.979798	0.979798	0.979798	0.979798	0.979798	0.979798	0.979798	0.979798	
0.979798	0.979798	0.979798	0.979798	0.979798	0.979798	0.979798	0.979798	0.979798	0.979798	0.979798	0.979798	0.979798	0.979798	0.979798	0.979798	0.979798	0.979798	0.979798	0.979798	0.979798	0.979798	0.979798	0.979798	0.979798	0.979798	0.979798	0.979798	0.979798	0.979798	
0.979798	0.979798	0.979798	0.979798	0.979798	0.979798	0.979798	0.979798	0.979798	0.979798	0.979798	0.979798	0.979798	0.979798	0.979798	0.979798	0.979798	0.979798	0.979798	0.979798	0.979798	0.979798	0.979798	0.979798	0.979798	0.979798	0.979798	0.979798	0.979798	0.979798	0.979798	
0.979798	0.979798	0.979798	0.979798	0.979798	0.979798	0.979798	0.979798	0.979798	0.979798	0.979798	0.979798	0.979798	0.979798	0.979798	0.979798	0.979798	0.979798	0.979798	0.979798	0.979798	0.979798	0.979798	0.979798	0.979798	0.979798	0.979798	0.979798	0.979798	0.979798	0.979798	0.979798	
0.979798	0.979798	0.979798	0.979798	0.979798	0.979798	0.979798	0.979798	0.979798	0.979798	0.979798	0.979798	0.979798	0.979798	0.979798	0.979798	0.979798	0.979798	0.979798	0.979798	0.979798	0.979798	0.979798	0.979798	0.979798	0.979798	0.979798	0.979798	0.979798	0.979798	0.979798	0.979798	0.979798	
0.979798	0.979798	0.979798	0.979798	0.979798	0.979798	0.979798	0.979798	0.979798	0.979798	0.979798	0.979798	0.979798	0.979798	0.979798	0.979798	0.979798	0.979798	0.979798	0.979798	0.979798	0.979798	0.979798	0.979798	0.979798	0.979798	0.979798	0.979798	0.979798	0.979798	0.979798	0.979798	0.979798	0.979798	
0.979798	0.979798	0.979798	0.979798	0.979798	0.979798	0.979798	0.979798	0.979798	0.979798	0.979798	0.979798	0.979798	0.979798	0.979798	0.979798	0.979798	0.979798	0.979798	0.979798	0.979798	0.979798	0.979798	0.979798	0.979798	0.979798	0.979798	0.979798	0.979798	0.979798	0.979798	0.979798	0.979798	0.979798	0.979798	
0.979798	0.979798	0.979798	0.979798	0.979798	0.979798	0.979798	0.979798	0.979798	0.979798	0.979798	0.979798	0.979798	0.979798	0.979798	0.979798	0.979798	0.979798	0.979798	0.979798	0.979798	0.979798	0.979798	0.979798	0.979798	0.979798	0.979798	0.979798	0.979798	0.979798	0.979798	0.979798	0.979798	0.979798	0.979798	0.979798	
0.979798	0.979798	0.979798	0.979798	0.979798	0.979798	0.979798	0.979798	0.979798	0.979798	0.979798	0.979798	0.979798	0.979798	0.979798	0.979798	0.979798	0.979798	0.979798	0.979798	0.979798	0.979798	0.979798	0.979798	0.979798	0.979798	0.979798	0.979798	0.979798	0.979798	0.979798	0.979798	0.979798	0.979798	0.979798	0.979798	0.979798	
0.979798	0.979798	0.979798	0.979798	0.979798	0.979798	0.979798	0.979798	0.979798	0.979798	0.979798	0.979798	0.979798	0.979798	0.979798	0.979798	0.979798	0.979798	0.979798	0.979798	0.979798	0.979798	0.979798	0.979798	0.979798	0.979798	0.979798	0.979798	0.979798	0.979798	0.979798	0.979798	0.979798	0.979798	0.979798	0.979798	0.979798	0.979798	
0.979798	0.979798	0.979798	0.979798	0.979798	0.979798	0.979798	0.979798	0.979798	0.979798	0.979798	0.979798	0.979798	0.979798	0.979798	0.979798	0.979798	0.979798	0.979798	0.979798	0.979798	0.979798	0.979798	0.979798	0.979798	0.979798	0.979798	0.979798	0.979798	0.979798	0.979798	0.979798	0.979798	0.979798	0.979798	0.979798	0.979798	0.979798	0.979798	
0.979798	0.979798	0.979798	0.979798	0.979798	0.979798	0.979798	0.979798	0.979798	0.979798	0.979798	0.979798	0.979798	0.979798	0.979798	0.979798	0.979798	0.979798	0.979798	0.979798	0.979798	0.979798	0.979798	0.979798	0.979798	0.979798	0.979798	0.979798	0.979798	0.979798	0.979798	0.979798	0.979798	0.979798	0.979798	0.979798	0.979798	0.979798	0.979798	0.979798	
0.979798	0.979798	0.979798	0.979798	0.979798	0.979798	0.979798	0.979798	0.979798	0.979798	0.979798	0.979798	0.979798	0.979798	0.979798	0.979798	0.979798	0.979798	0.979798	0.979798	0.979798	0.979798	0.979798	0.979798	0.979798	0.979798	0.979798	0.979798	0.979798	0.979798	0.979798	0.979798	0.979798	0.979798	0.979798	0.979798	0.979798	0.979798	0.979798	0.979798	0.979798	
0.979798	0.979798	0.979798	0.979798	0.979798	0.979798	0.979798	0.979798	0.979798	0.979798	0.979798	0.979798	0.979798	0.979798	0.979798	0.979798	0.979798	0.979798	0.979798	0.979798	0.979798	0.979798	0.979798	0.979798	0.979798	0.979798	0.979798	0.979798	0.979798	0.979798	0.979798	0.979798	0.979798	0.979798	0.979798	0.979798	0.979798	0.979798	0.979798	0.979798	0.979798	0.979798	
0.979798	0.979798	0.979798	0.979798	0.979798	0.979798	0.979798	0.979798	0.979798	0.979798	0.979798	0.979798	0.979798	0.979798	0.979798	0.979798	0.979798	0.979798	0.979798	0.979798	0.979798	0.979798	0.979798	0.979798	0.979798	0.979798	0.979798	0.979798	0.979798	0.979798	0.979798	0.979798	0.979798	0.979798	0.979798	0.979798	0.979798	0.979798	0.979798	0.979798	0.979798	0.979798	0.979798	
0.979798	0.979798	0.979798	0.979798	0.979798	0.979798	0.979798	0.979798	0.979798	0.979798	0.979798	0.979798	0.979798	0.979798	0.979798	0.979798	0.979798	0.979798	0.979798	0.979798	0.979798	0.979798	0.979798	0.979798	0.979798	0.979798	0.979798	0.979798	0.979798	0.979798	0.979798	0.979798	0.979798	0.979798	0.979798	0.979798	0.979798	0.979798	0.979798	0.979798	0.979798	0.979798	0.979798	0.979798	
0.979798	0.979798	0.979798	0.979798	0.979798	0.979798	0.979798	0.979798	0.979798	0.979798	0.979798	0.979798	0.979798	0.979798	0.979798	0.979798	0.979798	0.979798	0.979798	0.979798	0.979798	0.979798	0.979798	0.979798	0.979798	0.979798	0.979798	0.979798	0.979798	0.979798	0.979798	0.979798	0.979798	0.979798	0.979798	0.979798	0.979798	0.979798	0.979798	0.979798	0.979798	0.979798	0.979798	0.979798	0.979798	
0.979798	0.979798	0.979798	0.979798	0.979798	0.979798	0.979798	0.979798	0.979798	0.979798	0.979798	0.979798	0.979798	0.979798	0.979798	0.979798	0.979798	0.979798	0.979798	0.979798	0.979798	0.979798	0.979798	0.979798	0.979798	0.979798	0.979798	0.979798	0.979798	0.979798	0.979798	0.979798	0.979798	0.979798	0.979798	0.979798	0.979798	0.979798	0.979798	0.979798	0.979798	0.979798	0.979798	0.979798	0.979798	0.979798	
0.979798	0.979798	0.979798	0.979798	0.979798	0.979798	0.979798	0.979798	0.979798	0.979798	0.979798	0.979798	0.979798	0.979798	0.979798	0.979798	0.979798	0.979798	0.979798	0.979798	0.979798	0.979798	0.979798	0.979798	0.979798	0.979798	0.979798	0.979798	0.979798	0.979798	0.979798	0.979798	0.979798	0.979798	0.979798	0.979798	0.979798	0.979798	0.979798	0.979798	0.979798	0.979798	0.979798	0.979798	0.979798	0.979798	0.979798	
0.979798	0.979798	0.979798	0.979798	0.979798	0.979798	0.979798	0.979798	0.979798	0.979798	0.979798	0.979798	0.979798	0.979798	0.979798	0.979798	0.979798	0.979798	0.979798	0.979798	0.979798	0.979798	0.979798	0.979798	0.979798	0.979798	0.979798	0.979798	0.979798	0.979798	0.979798	0.979798	0.979798	0.979798	0.979798	0.979798	0.979798	0.979798	0.979798	0.979798	0.979798	0.979798	0.979798	0.979798	0.979798	0.979798	0.979798	0.979798	
0.979798	0.979798	0.979798	0.979798	0.979798	0.979798	0.979798	0.979798	0.979798	0.979798	0.979798	0.979798	0.979798	0.979798	0.979798	0.979798	0.979798	0.979798	0.979798	0.979798	0.979798	0.979798	0.979798	0.979798	0.979798	0.979798	0.979798	0.979798	0.979798	0.979798	0.979798	0.979798	0.979798	0.979798	0.979798	0.979798	0.979798	0.979798	0.979798	0.979798	0.979798	0.979798	0.979798	0.979798	0.979798	0.979798	0.979798	0.979798	0.979798	
0.979798	0.979798	0.979798	0.979798	0.979798	0.979798	0.979798	0.979798	0.979798	0.979798	0.979798	0.979798	0.979798	0.979798	0.979798	0.979798	0.979798	0.979798	0.979798	0.979798	0.979798	0.979798	0.979798	0.979798	0.979798	0.979798	0.979798	0.979798	0.979798	0.979798	0.979798	0.979798	0.979798	0.979798	0.979798	0.979798	0.979798	0.979798	0.979798	0.979798	0.979798	0.979798	0.979798	0.979798	0.979798	0.979798	0.979798	0.979798	0.979798	0.979798	
0.979798	0.979798	0.979798	0.979798	0.979798	0.979798	0.979798	0.979798	0.979798	0.979798	0.979798	0.979798	0.979798	0.979798	0.979798	0.979798	0.979798	0.979798	0.979798	0.979798	0.979798	0.979798	0.979798	0.979798	0.979798	0.979798	0.979798	0.979798	0.979798	0.979798	0.979798	0.979798	0.979798	0.979798	0.979798	0.979798	0.979798	0.979798	0.979798	0.979798	0.979798	0.979798	0.979798	0.979798	0.979798	0.979798	0.979798	0.979798	0.979798	0.979798	0.979798	
0.979798	0.979798	0.979798	0.979798	0.979798	0.979798	0.979798	0.979798	0.979798	0.979798	0.979798	0.979798	0.979798	0.979798	0.979798	0.979798	0.979798	0.979798	0.979798	0.979798	0.979798	0.979798	0.979798	0.979798	0.979798	0.979798	0.979798	0.979798	0.979798	0.979798	0.979798	0.979798	0.979798	0.979798	0.979798	0.979798	0.979798	0.979798	0.979798	0.979798	0.979798	0.979798	0.979798	0.979798	0.979798	0.979798	0.979798	0.979798	0.979798	0.979798	0.979798	0.979798	
0.979798	0.979798	0.979798	0.979798	0.979798	0.979798	0.979798	0.979798	0.979798	0.979798	0.979798	0.979798	0.979798	0.979798	0.979798	0.979798	0.979798	0.979798	0.979798	0.979798	0.979798	0.979798	0.979798	0.979798	0.979798	0.979798	0.979798	0.979798	0.979798	0.979798	0.979798	0.979798	0.979798	0.979798	0.979798	0.979798	0.979798	0.979798	0.979798	0.979798	0.979798	0.979798	0.979798	0.979798	0.979798	0.979798	0.979798	0.979798	0.979798	0.979798	0.979798	0.979798	0.979798	
0.979798	0.979798	0.979798	0.979798	0.979798	0.979798	0.979798	0.979798	0.979798	0.979798	0.979798	0.979798	0.979798	0.979798	0.979798	0.979798	0.979798	0.979798	0.979798	0.979798	0.979798	0.979798	0.979798	0.979798	0.979798	0.979798	0.979798	0.979798	0.979798	0.979798	0.979798	0.979798	0.979798	0.979798	0.979798	0.979798	0.979798	0.979798	0.979798	0.979798	0.979798	0.979798	0.979798	0.979798	0.979798	0.979798	0.979798	0.979798	0.979798	0.979798	0.979798	0.979798	0.979798	0.979798	
0.979798	0.979798	0.979798	0.979798	0.979798	0.979798	0.979798	0.979798	0.979798	0.979798	0.979798	0.979798	0.979798	0.979798	0.979798	0.979798	0.979798	0.979798	0.979798	0.979798	0.979798	0.979798	0.979798	0.979798	0.979798	0.979798	0.979798	0.979798	0.979798	0.979798	0.979798	0.979798	0.979798	0.979798	0.979798	0.979798	0.979798	0.979798	0.979798	0.979798	0.979798	0.979798	0.979798	0.979798	0.979798	0.979798	0.979798	0.979798	0.979798	0.979798	0.979798	0.979798	0.979798	0.979798	0.979798	
0.979798	0.979798	0.979798	0.979798	0.979798	0.979798	0.979798	0.979798	0.979798	0.979798	0.979798	0.979798	0.979798	0.979798	0.979798	0.979798	0.979798	0.979798	0.979798	0.979798	0.979798	0.979798	0.979798	0.979798	0.979798	0.979798	0.979798	0.979798	0.979798	0.979798	0.979798	0.979798	0.979798	0.979798	0.979798	0.979798	0.979798	0.979798	0.979798	0.979798	0.979798	0.979798	0.979798	0.979798	0.979798	0.979798	0.979798	0.979798	0.979798	0.979798	0.979798	0.979798	0.979798	0.979798	0.979798	0.979798	
0.979798	0.979798	0.979798	0.979798	0.979798	0.979798	0.979798	0.979798	0.979798	0.979798	0.979798	0.979798	0.979798	0.979798	0.979798	0.979798	0.979798	0.979798	0.979798	0.979798	0.979798	0.979798	0.979798	0.979798	0.979798	0.979798	0.979798	0.979798	0.979798	0.979798	0.979798	0.979798	0.979798	0.979798	0.979798	0.979798	0.979798	0.979798	0.979798	0.979798	0.979798	0.979798	0.979798	0.979798	0.979798	0.979798	0.979798	0.979798	0.979798	0.979798	0.979798	0.979798	0.979798	0.979798	0.979798	0.979798	0.979798	
0.979798	0.979798	0.979798	0.979798	0.979798	0.979798	0.979798	0.979798	0.979798	0.979798	0.979798	0.979798	0.979798	0.979798	0.979798	0.979798	0.979798	0.979798	0.979798	0.979798	0.979798	0.979798	0.979798	0.979798	0.979798	0.979798	0.979798	0.979798	0.979798	0.979798	0.979798	0.979798	0.979798	0.979798	0.979798	0.979798	0.979798	0.979798	0.979798	0.979798	0.979798	0.979798	0.979798	0.979798	0.979798	0.979798	0.979798	0.979798	0.979798	0.979798	0.979798	0.979798	0.979798	0.979798	0.979798	0.979798	0.979798	0.979798	
0.979798	0.979798	0.979798	0.979798	0.979798	0.979798	0.979798	0.979798	0.979798	0.979798	0.979798	0.979798	0.979798	0.979798	0.979798	0.979798	0.979798	0.979798	0.979798	0.979798	0.979798	0.979798	0.979798	0.979798	0.979798	0.979798	0.979798	0.979798	0.979798	0.979798	0.979798	0.979798	0.979798	0.979798	0.979798	0.979798	0.979798	0.979798	0.979798	0.979798	0.979798	0.979798	0.979798	0.979798	0.979798	0.979798	0.979798	0.979798	0.979798	0.979798	0.979798	0.979798	0.979798	0.979798	0.979798	0.979798	0.979798	0.979798	0.979798	
0.979798	0.979798	0.979798	0.979798	0.979798	0.979798	0.979798	0.979798	0.979798	0.979798	0.979798	0.979798	0.979798	0.979798	0.979798	0.979798	0.979798	0.979798	0.979798	0.979798	0.979798	0.979798	0.979798	0.979798	0.979798	0.979798	0.979798	0.979798	0.979798	0.979798	0.979798	0.979798	0.979798	0.979798	0.979798	0.979798	0.979798	0.979798	0.979798	0.979798	0.979798	0.979798	0.979798	0.979798	0.979798	0.979798	0.979798	0.979798	0.979798	0.979798	0.979798	0.979798	0.979798	0.979798	0.979798	0.979798	0.979798	0.979798	0.979798	0.979798	
0.979798	0.979798	0.979798	0.979798	0.979798	0.979798	0.979798	0.979798	0.979798	0.979798	0.979798	0.979798	0.979798	0.979798	0.979798	0.979798	0.979798	0.979798	0.979798	0.979798	0.979798	0.979798	0.979798	0.979798	0.979798	0.979798	0.979798	0.979798	0.979798	0.979798	0.979798	0.979798	0.979798	0.979798	0.979798	0.979798	0.979798	0.979798	0.979798	0.979798	0.979798	0.979798	0.979798	0.979798	0.979798	0.979798	0.979798	0.979798	0.979798	0.979798	0.979798	0.979798	0.979798	0.979798	0.979798	0.979798	0.979798	0.979798	0.979798	0.979798	0.979798	0.979798	0.979798	
0.979798	0.979798	0.979798	0.979798	0.979798	0.979798	0.979798	0.979798	0.979798	0.979798	0.979798	0.979798	0.979798	0.979798	0.979798	0.979798	0.979798	0.979798	0.979798	0.979798	0.979798	0.979798	0.979798	0.979798	0.979798	0.979798	0.979798	0.979798	0.979798	0.979798	0.979798	0.979798	0.979798	0.979798	0.979798	0.979798	0.979798	0.979798	0.979798	0.979798	0.979798	0.979798	0.979798	0.979798	0.979798	0.979798	0.979798	0.979798	0.979798	0.979798	0.979798	0.979798	0.979798	0.979798	0.979798	0.979798	0.979798	0.979798	0.979798	0.979798	0.979798	0.979798	0.979798	0.979798	0.979798	0.979798	0.979614	
0.979798	0.979798	0.979798	0.979798	0.979798	0.979798	0.979798	0.979798	0.979798	0.979798	0.979798	0.979798	0.979798	0.979798	0.979798	0.979798	0.979798	0.979798	0.979798	0.979798	0.979798	0.979798	0.979798	0.979798	0.979798	0.979798	0.979798	0.979798	0.979798	0.979798	0.979798	0.979798	0.979798	0.979798	0.979798	0.979798	0.979798	0.979798	0.979798	0.979798	0.979798	0.979798	0.979798	0.979798	0.979798	0.979798	0.979798	0.979798	0.979798	0.979798	0.979798	0.979798	0.979798	0.979798	0.979798	0.979798	0.979798	0.979798	0.979798	0.979798	0.979798	0.979798	0.979798	0.979798	0.979798	0.979798	0.979798	0.979798	0.979798	0.979621	0.979444	
0.979798	0.979798	0.979798	0.979798	0.979798	0.979798	0.979798	0.979798	0.979798	0.979798	0.979798	0.979798	0.979798	0.979798	0.979798	0.979798	0.979798	0.979798	0.979798	0.979798	0.979798	0.979798	0.979798	0.979798	0.979798	0.979798	0.979798	0.979798	0.979798	0.979798	0.979798	0.979798	0.979798	0.979798	0.979798	0.979798	0.979798	0.979798	0.979798	0.979798	0.979798	0.979798	0.979798	0.979798	0.979798	0.979798	0.979798	0.979798	0.979798	0.979798	0.979798	0.979798	0.979798	0.979798	0.979798	0.979798	0.979798	0.979798	0.979798	0.979798	0.979798	0.979798	0.979798	0.979798	0.979798	0.979798	0.979798	0.979798	0.979798	0.979798	0.979798	0.979798	0.979624	0.979449	0.979275	
0.979798	0.979798	0.979798	0.979798	0.979798	0.979798	0.979798	0.979798	0.979798	0.979798	0.979798	0.979798	0.979798	0.979798	0.979798	0.979798	0.979798	0.979798	0.979798	0.979798	0.979798	0.979798	0.979798	0.979798	0.979798	0.979798	0.979798	0.979798	0.979798	0.979798	0.979798	0.979798	0.979798	0.979798	0.979798	0.979798	0.979798	0.979798	0.979798	0.979798	0.979798	0.979798	0.979798	0.979798	0.979798	0.979798	0.979798	0.979798	0.979798	0.979798	0.979798	0.979798	0.979798	0.979798	0.979798	0.979798	0.979798	0.979798	0.979798	0.979798	0.979798	0.979798	0.979798	0.979798	0.979798	0.979798	0.979798	0.979798	0.979798	0.979798	0.979798	0.979798	0.979798	0.979798	0.979798	0.979625	0.979452	0.979278	0.979105	
0.979798	0.979798	0.979798	0.979798	0.979798	0.979798	0.979798	0.979798	0.979798	0.979798	0.979798	0.979798	0.979798	0.979798	0.979798	0.979798	0.979798	0.979798	0.979798	0.979798	0.979798	0.979798	0.979798	0.979798	0.979798	0.979798	0.979798	0.979798	0.979798	0.979798	0.979798	0.979798	0.979798	0.979798	0.979798	0.979798	0.979798	0.979798	0.979798	0.979798	0.979798	0.979798	0.979798	0.979798	0.979798	0.979798	0.979798	0.979798	0.979798	0.979798	0.979798	0.979798	0.979798	0.979798	0.979798	0.979798	0.979798	0.979798	0.979798	0.979798	0.979798	0.979798	0.979798	0.979798	0.979798	0.979798	0.979798	0.979798	0.979798	0.979798	0.979798	0.979798	0.979798	0.979798	0.979798	0.979798	0.979798	0.979798	0.979625	0.979453	0.979281	0.979108	0.978936	
0.979798	0.979798	0.979798	0.979798	0.979798	0.979798	0.979798	0.979798	0.979798	0.979798	0.979798	0.979798	0.979798	0.979798	0.979798	0.979798	0.979798	0.979798	0.979798	0.979798	0.979798	0.979798	0.979798	0.979798	0.979798	0.979798	0.979798	0.979798	0.979798	0.979798	0.979798	0.979798	0.979798	0.979798	0.979798	0.979798	0.979798	0.979798	0.979798	0.979798	0.979798	0.979798	0.979798	0.979798	0.979798	0.979798	0.979798	0.979798	0.979798	0.979798	0.979798	0.979798	0.979798	0.979798	0.979798	0.979798	0.979798	0.979798	0.979798	0.979798	0.979798	0.979798	0.979798	0.979798	0.979798	0.979798	0.979798	0.979798	0.979798	0.979798	0.979798	0.979798	0.979798	0.979798	0.979798	0.979798	0.979798	0.979798	0.979798	0.979798	0.979798	0.979626	0.979454	0.979282	0.97911	0.978938	0.978766	
0.979798	0.979798	0.979798	0.979798	0.979798	0.979798	0.979798	0.979798	0.979798	0.979798	0.979798	0.979798	0.979798	0.979798	0.979798	0.979798	0.979798	0.979798	0.979798	0.979798	0.979798	0.979798	0.979798	0.979798	0.979798	0.979798	0.979798	0.979798	0.979798	0.979798	0.979798	0.979798	0.979798	0.979798	0.979798	0.979798	0.979798	0.979798	0.979798	0.979798	0.979798	0.979798	0.979798	0.979798	0.979798	0.979798	0.979798	0.979798	0.979798	0.979798	0.979798	0.979798	0.979798	0.979798	0.979798	0.979798	0.979798	0.979798	0.979798	0.979798	0.979798	0.979798	0.979798	0.979798	0.979798	0.979798	0.979798	0.979798	0.979798	0.979798	0.979798	0.979798	0.979798	0.979798	0.979798	0.979798	0.979798	0.979798	0.979798	0.979798	0.979798	0.979798	0.979798	0.979798	0.979626	0.979455	0.979283	0.979111	0.97894	0.978768	0.978597	
0.979798	0.979798	0.979798	0.979798	0.979798	0.979798	0.979798	0.979798	0.979798	0.979798	0.979798	0.979798	0.979798	0.979798	0.979798	0.979798	0.979798	0.979798	0.979798	0.979798	0.979798	0.979798	0.979798	0.979798	0.979798	0.979798	0.979798	0.979798	0.979798	0.979798	0.979798	0.979798	0.979798	0.979798	0.979798	0.979798	0.979798	0.979798	0.979798	0.979798	0.979798	0.979798	0.979798	0.979798	0.979798	0.979798	0.979798	0.979798	0.979798	0.979798	0.979798	0.979798	0.979798	0.979798	0.979798	0.979798	0.979798	0.979798	0.979798	0.979798	0.979798	0.979798	0.979798	0.979798	0.979798	0.979798	0.979798	0.979798	0.979798	0.979798	0.979798	0.979798	0.979798	0.979798	0.979798	0.979798	0.979798	0.979798	0.979798	0.979798	0.979798	0.979798	0.979798	0.979798	0.979798	0.979798	0.979798	0.979627	0.979455	0.979284	0.979112	0.978941	0.97877	0.978598	0.978427	
0.979798	0.979798	0.979798	0.979798	0.979798	0.979798	0.979798	0.979798	0.979798	0.979798	0.979798	0.979798	0.979798	0.979798	0.979798	0.979798	0.979798	0.979798	0.979798	0.979798	0.979798	0.979798	0.979798	0.979798	0.979798	0.979798	0.979798	0.979798	0.979798	0.979798	0.979798	0.979798	0.979798	0.979798	0.979798	0.979798	0.979798	0.979798	0.979798	0.979798	0.979798	0.979798	0.979798	0.979798	0.979798	0.979798	0.979798	0.979798	0.979798	0.979798	0.979798	0.979798	0.979798	0.979798	0.979798	0.979798	0.979798	0.979798	0.979798	0.979798	0.979798	0.979798	0.979798	0.979798	0.979798	0.979798	0.979798	0.979798	0.979798	0.979798	0.979798	0.979798	0.979798	0.979798	0.979798	0.979798	0.979798	0.979798	0.979798	0.979798	0.979798	0.979798	0.979798	0.979798	0.979798	0.979798	0.979798	0.979798	0.979798	0.979798	0.979627	0.979456	0.979284	0.979113	0.978942	0.978771	0.9786	0.978429	0.978257	
0.979798	0.979798	0.979798	0.979798	0.979798	0.979798	0.979798	0.979798	0.979798	0.979798	0.979798	0.979798	0.979798	0.979798	0.979798	0.979798	0.979798	0.979798	0.979798	0.979798	0.979798	0.979798	0.979798	0.979798	0.979798	0.979798	0.979798	0.979798	0.979798	0.979798	0.979798	0.979798	0.979798	0.979798	0.979798	0.979798	0.979798	0.979798	0.979798	0.979798	0.979798	0.979798	0.979798	0.979798	0.979798	0.979798	0.979798	0.979798	0.979798	0.979798	0.979798	0.979798	0.979798	0.979798	0.979798	0.979798	0.979798	0.979798	0.979798	0.979798	0.979798	0.979798	0.979798	0.979798	0.979798	0.979798	0.979798	0.979798	0.979798	0.979798	0.979798	0.979798	0.979798	0.979798	0.979798	0.979798	0.979798	0.979798	0.979798	0.979798	0.979798	0.979798	0.979798	0.979798	0.979798	0.979798	0.979798	0.979798	0.979798	0.979798	0.979798	0.979798	0.979798	0.979627	0.979456	0.979285	0.979114	0.978943	0.978772	0.978601	0.97843	0.978259	0.978088	
0.979798	0.979798	0.979798	0.979798	0.979798	0.979798	0.979798	0.979798	0.979798	0.979798	0.979798	0.979798	0.979798	0.979798	0.979798	0.979798	0.979798	0.979798	0.979798	0.979798	0.979798	0.979798	0.979798	0.979798	0.979798	0.979798	0.979798	0.979798	0.979798	0.979798	0.979798	0.979798	0.979798	0.979798	0.979798	0.979798	0.979798	0.979798	0.979798	0.979798	0.979798	0.979798	0.979798	0.979798	0.979798	0.979798	0.979798	0.979798	0.979798	0.979798	0.979798	0.979798	0.979798	0.979798	0.979798	0.979798	0.979798	0.979798	0.979798	0.979798	0.979798	0.979798	0.979798	0.979798	0.979798	0.979798	0.979798	0.979798	0.979798	0.979798	0.979798	0.979798	0.979798	0.979798	0.979798	0.979798	0.979798	0.979798	0.979798	0.979798	0.979798	0.979798	0.979798	0.979798	0.979798	0.979798	0.979798	0.979798	0.979798	0.979798	0.979798	0.979798	0.979798	0.979798	0.979798	0.979798	0.979627	0.979456	0.979285	0.979115	0.978944	0.978773	0.978602	0.978431	0.97826	0.978089	0.977918	
0.979798	0.979798	0.979798	0.979798	0.979798	0.979798	0.979798	0.979798	0.979798	0.979798	0.979798	0.979798	0.979798	0.979798	0.979798	0.979798	0.979798	0.979798	0.979798	0.979798	0.979798	0.979798	0.979798	0.979798	0.979798	0.979798	0.979798	0.979798	0.979798	0.979798	0.979798	0.979798	0.979798	0.979798	0.979798	0.979798	0.979798	0.979798	0.979798	0.979798	0.979798	0.979798	0.979798	0.979798	0.979798	0.979798	0.979798	0.979798	0.979798	0.979798	0.979798	0.979798	0.979798	0.979798	0.979798	0.979798	0.979798	0.979798	0.979798	0.979798	0.979798	0.979798	0.979798	0.979798	0.979798	0.979798	0.979798	0.979798	0.979798	0.979798	0.979798	0.979798	0.979798	0.979798	0.979798	0.979798	0.979798	0.979798	0.979798	0.979798	0.979798	0.979798	0.979798	0.979798	0.979798	0.979798	0.979798	0.979798	0.979798	0.979798	0.979798	0.979798	0.979798	0.979798	0.979798	0.979798	0.979798	0.979798	0.979798	0.979612	0.979425	0.979239	0.979053	0.978867	0.97868	0.978494	0.978308	0.978121	0.977935	0.977749	
0.979798	0.979798	0.979798	0.979798	0.979798	0.979798	0.979798	0.979798	0.979798	0.979798	0.979798	0.979798	0.979798	0.979798	0.979798	0.979798	0.979798	0.979798	0.979798	0.979798	0.979798	0.979798	0.979798	0.979798	0.979798	0.979798	0.979798	0.979798	0.979798	0.979798	0.979798	0.979798	0.979798	0.979798	0.979798	0.979798	0.979798	0.979798	0.979798	0.979798	0.979798	0.979798	0.979798	0.979798	0.979798	0.979798	0.979798	0.979798	0.979798	0.979798	0.979798	0.979798	0.979798	0.979798	0.979798	0.979798	0.979798	0.979798	0.979798	0.979798	0.979798	0.979798	0.979798	0.979798	0.979798	0.979798	0.979798	0.979798	0.979798	0.979798	0.979798	0.979798	0.979798	0.979798	0.979798	0.979798	0.979798	0.979798	0.979798	0.979798	0.979798	0.979798	0.979798	0.979798	0.979798	0.979798	0.979798	0.979798	0.979798	0.979798	0.979798	0.979798	0.979798	0.979798	0.979798	0.979798	0.979798	0.979798	0.979798	0.979798	0.979798	0.979798	0.979596	0.979395	0.979193	0.978991	0.97879	0.978588	0.978386	0.978184	0.977983	0.977781	0.977579	
0.979798	0.979798	0.979798	0.979798	0.979798	0.979798	0.979798	0.979798	0.979798	0.979798	0.979798	0.979798	0.979798	0.979798	0.979798	0.979798	0.979798	0.979798	0.979798	0.979798	0.979798	0.979798	0.979798	0.979798	0.979798	0.979798	0.979798	0.979798	0.979798	0.979798	0.979798	0.979798	0.979798	0.979798	0.979798	0.979798	0.979798	0.979798	0.979798	0.979798	0.979798	0.979798	0.979798	0.979798	0.979798	0.979798	0.979798	0.979798	0.979798	0.979798	0.979798	0.979798	0.979798	0.979798	0.979798	0.979798	0.979798	0.979798	0.979798	0.979798	0.979798	0.979798	0.979798	0.979798	0.979798	0.979798	0.979798	0.979798	0.979798	0.979798	0.979798	0.979798	0.979798	0.979798	0.979798	0.979798	0.979798	0.979798	0.979798	0.979798	0.979798	0.979798	0.979798	0.979798	0.979798	0.979798	0.979798	0.979798	0.979798	0.979798	0.979798	0.979798	0.979798	0.979798	0.979798	0.979798	0.979798	0.979798	0.979798	0.979798	0.979798	0.979798	0.979798	0.979798	0.979798	0.979581	0.979364	0.979147	0.97893	0.978712	0.978495	0.978278	0.978061	0.977844	0.977627	0.97741	
0.979798	0.979798	0.979798	0.979798	0.979798	0.979798	0.979798	0.979798	0.979798	0.979798	0.979798	0.979798	0.979798	0.979798	0.979798	0.979798	0.979798	0.979798	0.979798	0.979798	0.979798	0.979798	0.979798	0.979798	0.979798	0.979798	0.979798	0.979798	0.979798	0.979798	0.979798	0.979798	0.979798	0.979798	0.979798	0.979798	0.979798	0.979798	0.979798	0.979798	0.979798	0.979798	0.979798	0.979798	0.979798	0.979798	0.979798	0.979798	0.979798	0.979798	0.979798	0.979798	0.979798	0.979798	0.979798	0.979798	0.979798	0.979798	0.979798	0.979798	0.979798	0.979798	0.979798	0.979798	0.979798	0.979798	0.979798	0.979798	0.979798	0.979798	0.979798	0.979798	0.979798	0.979798	0.979798	0.979798	0.979798	0.979798	0.979798	0.979798	0.979798	0.979798	0.979798	0.979798	0.979798	0.979798	0.979798	0.979798	0.979798	0.979798	0.979798	0.979798	0.979798	0.979798	0.979798	0.979798	0.979798	0.979798	0.979798	0.979798	0.979798	0.979798	0.979798	0.979798	0.979798	0.979798	0.979798	0.979798	0.979565	0.979333	0.9791	0.978868	0.978635	0.978403	0.97817	0.977938	0.977705	0.977473	0.97724	
0.979798	0.979798	0.979798	0.979798	0.979798	0.979798	0.979798	0.979798	0.979798	0.979798	0.979798	0.979798	0.979798	0.979798	0.979798	0.979798	0.979798	0.979798	0.979798	0.979798	0.979798	0.979798	0.979798	0.979798	0.979798	0.979798	0.979798	0.979798	0.979798	0.979798	0.979798	0.979798	0.979798	0.979798	0.979798	0.979798	0.979798	0.979798	0.979798	0.979798	0.979798	0.979798	0.979798	0.979798	0.979798	0.979798	0.979798	0.979798	0.979798	0.979798	0.979798	0.979798	0.979798	0.979798	0.979798	0.979798	0.979798	0.979798	0.979798	0.979798	0.979798	0.979798	0.979798	0.979798	0.979798	0.979798	0.979798	0.979798	0.979798	0.979798	0.979798	0.979798	0.979798	0.979798	0.979798	0.979798	0.979798	0.979798	0.979798	0.979798	0.979798	0.979798	0.979798	0.979798	0.979798	0.979798	0.979798	0.979798	0.979798	0.979798	0.979798	0.979798	0.979798	0.979798	0.979798	0.979798	0.979798	0.979798	0.979798	0.979798	0.979798	0.979798	0.979798	0.979798	0.979798	0.979798	0.979798	0.979798	0.979798	0.979798	0.979798	0.97955	0.979302	0.979054	0.978806	0.978558	0.97831	0.978063	0.977815	0.977567	0.977319	0.977071	
0.979798	0.979798	0.979798	0.979798	0.979798	0.979798	0.979798	0.979798	0.979798	0.979798	0.979798	0.979798	0.979798	0.979798	0.979798	0.979798	0.979798	0.979798	0.979798	0.979798	0.979798	0.979798	0.979798	0.979798	0.979798	0.979798	0.979798	0.979798	0.979798	0.979798	0.979798	0.979798	0.979798	0.979798	0.979798	0.979798	0.979798	0.979798	0.979798	0.979798	0.979798	0.979798	0.979798	0.979798	0.979798	0.979798	0.979798	0.979798	0.979798	0.979798	0.979798	0.979798	0.979798	0.979798	0.979798	0.979798	0.979798	0.979798	0.979798	0.979798	0.979798	0.979798	0.979798	0.979798	0.979798	0.979798	0.979798	0.979798	0.979798	0.979798	0.979798	0.979798	0.979798	0.979798	0.979798	0.979798	0.979798	0.979798	0.979798	0.979798	0.979798	0.979798	0.979798	0.979798	0.979798	0.979798	0.979798	0.979798	0.979798	0.979798	0.979798	0.979798	0.979798	0.979798	0.979798	0.979798	0.979798	0.979798	0.979798	0.979798	0.979798	0.979798	0.979798	0.979798	0.979798	0.979798	0.979798	0.979798	0.979798	0.979798	0.979798	0.979798	0.979798	0.979798	0.979535	0.979271	0.979008	0.978745	0.978481	0.978218	0.977955	0.977691	0.977428	0.977165	0.976901	
0.979798	0.979798	0.979798	0.979798	0.979798	0.979798	0.979798	0.979798	0.979798	0.979798	0.979798	0.979798	0.979798	0.979798	0.979798	0.979798	0.979798	0.979798	0.979798	0.979798	0.979798	0.979798	0.979798	0.979798	0.979798	0.979798	0.979798	0.979798	0.979798	0.979798	0.979798	0.979798	0.979798	0.979798	0.979798	0.979798	0.979798	0.979798	0.979798	0.979798	0.979798	0.979798	0.979798	0.979798	0.979798	0.979798	0.979798	0.979798	0.979798	0.979798	0.979798	0.979798	0.979798	0.979798	0.979798	0.979798	0.979798	0.979798	0.979798	0.979798	0.979798	0.979798	0.979798	0.979798	0.979798	0.979798	0.979798	0.979798	0.979798	0.979798	0.979798	0.979798	0.979798	0.979798	0.979798	0.979798	0.979798	0.979798	0.979798	0.979798	0.979798	0.979798	0.979798	0.979798	0.979798	0.979798	0.979798	0.979798	0.979798	0.979798	0.979798	0.979798	0.979798	0.979798	0.979798	0.979798	0.979798	0.979798	0.979798	0.979798	0.979798	0.979798	0.979798	0.979798	0.979798	0.979798	0.979798	0.979798	0.979798	0.979798	0.979798	0.979798	0.979798	0.979798	0.979798	0.979798	0.979798	0.979519	0.979241	0.978962	0.978683	0.978404	0.978126	0.977847	0.977568	0.977289	0.977011	0.976732	
0.979798	0.979798	0.979798	0.979798	0.979798	0.979798	0.979798	0.979798	0.979798	0.979798	0.979798	0.979798	0.979798	0.979798	0.979798	0.979798	0.979798	0.979798	0.979798	0.979798	0.979798	0.979798	0.979798	0.979798	0.979798	0.979798	0.979798	0.979798	0.979798	0.979798	0.979798	0.979798	0.979798	0.979798	0.979798	0.979798	0.979798	0.979798	0.979798	0.979798	0.979798	0.979798	0.979798	0.979798	0.979798	0.979798	0.979798	0.979798	0.979798	0.979798	0.979798	0.979798	0.979798	0.979798	0.979798	0.979798	0.979798	0.979798	0.979798	0.979798	0.979798	0.979798	0.979798	0.979798	0.979798	0.979798	0.979798	0.979798	0.979798	0.979798	0.979798	0.979798	0.979798	0.979798	0.979798	0.979798	0.979798	0.979798	0.979798	0.979798	0.979798	0.979798	0.979798	0.979798	0.979798	0.979798	0.979798	0.979798	0.979798	0.979798	0.979798	0.979798	0.979798	0.979798	0.979798	0.979798	0.979798	0.979798	0.979798	0.979798	0.979798	0.979798	0.979798	0.979798	0.979798	0.979798	0.979798	0.979798	0.979798	0.979798	0.979798	0.979798	0.979798	0.979798	0.979798	0.979798	0.979798	0.979798	0.979798	0.979798	0.979504	0.97921	0.978916	0.978621	0.978327	0.978033	0.977739	0.977445	0.977151	0.976856	0.976562	
0.979798	0.979798	0.979798	0.979798	0.979798	0.979798	0.979798	0.979798	0.979798	0.979798	0.979798	0.979798	0.979798	0.979798	0.979798	0.979798	0.979798	0.979798	0.979798	0.979798	0.979798	0.979798	0.979798	0.979798	0.979798	0.979798	0.979798	0.979798	0.979798	0.979798	0.979798	0.979798	0.979798	0.979798	0.979798	0.979798	0.979798	0.979798	0.979798	0.979798	0.979798	0.979798	0.979798	0.979798	0.979798	0.979798	0.979798	0.979798	0.979798	0.979798	0.979798	0.979798	0.979798	0.979798	0.979798	0.979798	0.979798	0.979798	0.979798	0.979798	0.979798	0.979798	0.979798	0.979798	0.979798	0.979798	0.979798	0.979798	0.979798	0.979798	0.979798	0.979798	0.979798	0.979798	0.979798	0.979798	0.979798	0.979798	0.979798	0.979798	0.979798	0.979798	0.979798	0.979798	0.979798	0.979798	0.979798	0.979798	0.979798	0.979798	0.979798	0.979798	0.979798	0.979798	0.979798	0.979798	0.979798	0.979798	0.979798	0.979798	0.979798	0.979798	0.979798	0.979798	0.979798	0.979798	0.979798	0.979798	0.979798	0.979798	0.979798	0.979798	0.979798	0.979798	0.979798	0.979798	0.979798	0.979798	0.979798	0.979798	0.979798	0.979798	0.979798	0.979488	0.979179	0.978869	0.97856	0.97825	0.977941	0.977631	0.977321	0.977012	0.976702	0.976393	
0.979798	0.979798	0.979798	0.979798	0.979798	0.979798	0.979798	0.979798	0.979798	0.979798	0.979798	0.979798	0.979798	0.979798	0.979798	0.979798	0.979798	0.979798	0.979798	0.979798	0.979798	0.979798	0.979798	0.979798	0.979798	0.979798	0.979798	0.979798	0.979798	0.979798	0.979798	0.979798	0.979798	0.979798	0.979798	0.979798	0.979798	0.979798	0.979798	0.979798	0.979798	0.979798	0.979798	0.979798	0.979798	0.979798	0.979798	0.979798	0.979798	0.979798	0.979798	0.979798	0.979798	0.979798	0.979798	0.979798	0.979798	0.979798	0.979798	0.979798	0.979798	0.979798	0.979798	0.979798	0.979798	0.979798	0.979798	0.979798	0.979798	0.979798	0.979798	0.979798	0.979798	0.979798	0.979798	0.979798	0.979798	0.979798	0.979798	0.979798	0.979798	0.979798	0.979798	0.979798	0.979798	0.979798	0.979798	0.979798	0.979798	0.979798	0.979798	0.979798	0.979798	0.979798	0.979798	0.979798	0.979798	0.979798	0.979798	0.979798	0.979798	0.979798	0.979798	0.979798	0.979798	0.979798	0.979798	0.979798	0.979798	0.979798	0.979798	0.979798	0.979798	0.979798	0.979798	0.979798	0.979798	0.979798	0.979798	0.979798	0.979798	0.979798	0.979798	0.979798	0.979798	0.979798	0.979473	0.979148	0.978823	0.978498	0.978173	0.977848	0.977523	0.977198	0.976873	0.976548	0.976223	
0.979798	0.979798	0.979798	0.979798	0.979798	0.979798	0.979798	0.979798	0.979798	0.979798	0.979798	0.979798	0.979798	0.979798	0.979798	0.979798	0.979798	0.979798	0.979798	0.979798	0.979798	0.979798	0.979798	0.979798	0.979798	0.979798	0.979798	0.979798	0.979798	0.979798	0.979798	0.979798	0.979798	0.979798	0.979798	0.979798	0.979798	0.979798	0.979798	0.979798	0.979798	0.979798	0.979798	0.979798	0.979798	0.979798	0.979798	0.979798	0.979798	0.979798	0.979798	0.979798	0.979798	0.979798	0.979798	0.979798	0.979798	0.979798	0.979798	0.979798	0.979798	0.979798	0.979798	0.979798	0.979798	0.979798	0.979798	0.979798	0.979798	0.979798	0.979798	0.979798	0.979798	0.979798	0.979798	0.979798	0.979798	0.979798	0.979798	0.979798	0.979798	0.979798	0.979798	0.979798	0.979798	0.979798	0.979798	0.979798	0.979798	0.979798	0.979798	0.979798	0.979798	0.979798	0.979798	0.979798	0.979798	0.979798	0.979798	0.979798	0.979798	0.979798	0.979798	0.979798	0.979798	0.979798	0.979798	0.979798	0.979798	0.979798	0.979798	0.979798	0.979798	0.979798	0.979798	0.979798	0.979798	0.979798	0.979798	0.979798	0.979798	0.979798	0.979798	0.979798	0.979798	0.979798	0.979798	0.979798	0.979798	0.979458	0.979117	0.978777	0.978436	0.978096	0.977756	0.977415	0.977075	0.976735	0.976394	0.976054	
0.979798	0.979798	0.979798	0.979798	0.979798	0.979798	0.979798	0.979798	0.979798	0.979798	0.979798	0.979798	0.979798	0.979798	0.979798	0.979798	0.979798	0.979798	0.979798	0.979798	0.979798	0.979798	0.979798	0.979798	0.979798	0.979798	0.979798	0.979798	0.979798	0.979798	0.979798	0.979798	0.979798	0.979798	0.979798	0.979798	0.979798	0.979798	0.979798	0.979798	0.979798	0.979798	0.979798	0.979798	0.979798	0.979798	0.979798	0.979798	0.979798	0.979798	0.979798	0.979798	0.979798	0.979798	0.979798	0.979798	0.979798	0.979798	0.979798	0.979798	0.979798	0.979798	0.979798	0.979798	0.979798	0.979798	0.979798	0.979798	0.979798	0.979798	0.979798	0.979798	0.979798	0.979798	0.979798	0.979798	0.979798	0.979798	0.979798	0.979798	0.979798	0.979798	0.979798	0.979798	0.979798	0.979798	0.979798	0.979798	0.979798	0.979798	0.979798	0.979798	0.979798	0.979798	0.979798	0.979798	0.979798	0.979798	0.979798	0.979798	0.979798	0.979798	0.979798	0.979798	0.979798	0.979798	0.979798	0.979798	0.979798	0.979798	0.979798	0.979798	0.979798	0.979798	0.979798	0.979798	0.979798	0.979798	0.979798	0.979798	0.979798	0.979798	0.979798	0.979798	0.979798	0.979798	0.979798	0.979798	0.979798	0.979798	0.979798	0.979798	0.979442	0.979086	0.978731	0.978375	0.978019	0.977663	0.977307	0.976952	0.976596	0.97624	0.975884	
0.979798	0.979798	0.979798	0.979798	0.979798	0.979798	0.979798	0.979798	0.979798	0.979798	0.979798	0.979798	0.979798	0.979798	0.979798	0.979798	0.979798	0.979798	0.979798	0.979798	0.979798	0.979798	0.979798	0.979798	0.979798	0.979798	0.979798	0.979798	0.979798	0.979798	0.979798	0.979798	0.979798	0.979798	0.979798	0.979798	0.979798	0.979798	0.979798	0.979798	0.979798	0.979798	0.979798	0.979798	0.979798	0.979798	0.979798	0.979798	0.979798	0.979798	0.979798	0.979798	0.979798	0.979798	0.979798	0.979798	0.979798	0.979798	0.979798	0.979798	0.979798	0.979798	0.979798	0.979798	0.979798	0.979798	0.979798	0.979798	0.979798	0.979798	0.979798	0.979798	0.979798	0.979798	0.979798	0.979798	0.979798	0.979798	0.979798	0.979798	0.979798	0.979798	0.979798	0.979798	0.979798	0.979798	0.979798	0.979798	0.979798	0.979798	0.979798	0.979798	0.979798	0.979798	0.979798	0.979798	0.979798	0.979798	0.979798	0.979798	0.979798	0.979798	0.979798	0.979798	0.979798	0.979798	0.979798	0.979798	0.979798	0.979798	0.979798	0.979798	0.979798	0.979798	0.979798	0.979798	0.979798	0.979798	0.979798	0.979798	0.979798	0.979798	0.979798	0.979798	0.979798	0.979798	0.979798	0.979798	0.979798	0.979798	0.979798	0.979798	0.979798	0.979798	0.979798	0.979427	0.979056	0.978684	0.978313	0.977942	0.977571	0.9772	0.976828	0.976457	0.976086	0.975715	
0.979798	0.979798	0.979798	0.979798	0.979798	0.979798	0.979798	0.979798	0.979798	0.979798	0.979798	0.979798	0.979798	0.979798	0.979798	0.979798	0.979798	0.979798	0.979798	0.979798	0.979798	0.979798	0.979798	0.979798	0.979798	0.979798	0.979798	0.979798	0.979798	0.979798	0.979798	0.979798	0.979798	0.979798	0.979798	0.979798	0.979798	0.979798	0.979798	0.979798	0.979798	0.979798	0.979798	0.979798	0.979798	0.979798	0.979798	0.979798	0.979798	0.979798	0.979798	0.979798	0.979798	0.979798	0.979798	0.979798	0.979798	0.979798	0.979798	0.979798	0.979798	0.979798	0.979798	0.979798	0.979798	0.979798	0.979798	0.979798	0.979798	0.979798	0.979798	0.979798	0.979798	0.979798	0.979798	0.979798	0.979798	0.979798	0.979798	0.979798	0.979798	0.979798	0.979798	0.979798	0.979798	0.979798	0.979798	0.979798	0.979798	0.979798	0.979798	0.979798	0.979798	0.979798	0.979798	0.979798	0.979798	0.979798	0.979798	0.979798	0.979798	0.979798	0.979798	0.979798	0.979798	0.979798	0.979798	0.979798	0.979798	0.979798	0.979798	0.979798	0.979798	0.979798	0.979798	0.979798	0.979798	0.979798	0.979798	0.979798	0.979798	0.979798	0.979798	0.979798	0.979798	0.979798	0.979798	0.979798	0.979798	0.979798	0.979798	0.979798	0.979798	0.979798	0.979798	0.979798	0.979798	0.979798	0.979411	0.979025	0.978638	0.978252	0.977865	0.977478	0.977092	0.976705	0.976318	0.975932	0.975545	
0.979798	0.979798	0.979798	0.979798	0.979798	0.979798	0.979798	0.979798	0.979798	0.979798	0.979798	0.979798	0.979798	0.979798	0.979798	0.979798	0.979798	0.979798	0.979798	0.979798	0.979798	0.979798	0.979798	0.979798	0.979798	0.979798	0.979798	0.979798	0.979798	0.979798	0.979798	0.979798	0.979798	0.979798	0.979798	0.979798	0.979798	0.979798	0.979798	0.979798	0.979798	0.979798	0.979798	0.979798	0.979798	0.979798	0.979798	0.979798	0.979798	0.979798	0.979798	0.979798	0.979798	0.979798	0.979798	0.979798	0.979798	0.979798	0.979798	0.979798	0.979798	0.979798	0.979798	0.979798	0.979798	0.979798	0.979798	0.979798	0.979798	0.979798	0.979798	0.979798	0.979798	0.979798	0.979798	0.979798	0.979798	0.979798	0.979798	0.979798	0.979798	0.979798	0.979798	0.979798	0.979798	0.979798	0.979798	0.979798	0.979798	0.979798	0.979798	0.979798	0.979798	0.979798	0.979798	0.979798	0.979798	0.979798	0.979798	0.979798	0.979798	0.979798	0.979798	0.979798	0.979798	0.979798	0.979798	0.979798	0.979798	0.979798	0.979798	0.979798	0.979798	0.979798	0.979798	0.979798	0.979798	0.979798	0.979798	0.979798	0.979798	0.979798	0.979798	0.979798	0.979798	0.979798	0.979798	0.979798	0.979798	0.979798	0.979798	0.979798	0.979798	0.979798	0.979798	0.979798	0.979798	0.979798	0.979798	0.979798	0.979798	0.979396	0.978994	0.978592	0.97819	0.977788	0.977386	0.976984	0.976582	0.97618	0.975778	0.975376	
0.979798	0.979798	0.979798	0.979798	0.979798	0.979798	0.979798	0.979798	0.979798	0.979798	0.979798	0.979798	0.979798	0.979798	0.979798	0.979798	0.979798	0.979798	0.979798	0.979798	0.979798	0.979798	0.979798	0.979798	0.979798	0.979798	0.979798	0.979798	0.979798	0.979798	0.979798	0.979798	0.979798	0.979798	0.979798	0.979798	0.979798	0.979798	0.979798	0.979798	0.979798	0.979798	0.979798	0.979798	0.979798	0.979798	0.979798	0.979798	0.979798	0.979798	0.979798	0.979798	0.979798	0.979798	0.979798	0.979798	0.979798	0.979798	0.979798	0.979798	0.979798	0.979798	0.979798	0.979798	0.979798	0.979798	0.979798	0.979798	0.979798	0.979798	0.979798	0.979798	0.979798	0.979798	0.979798	0.979798	0.979798	0.979798	0.979798	0.979798	0.979798	0.979798	0.979798	0.979798	0.979798	0.979798	0.979798	0.979798	0.979798	0.979798	0.979798	0.979798	0.979798	0.979798	0.979798	0.979798	0.979798	0.979798	0.979798	0.979798	0.979798	0.979798	0.979798	0.979798	0.979798	0.979798	0.979798	0.979798	0.979798	0.979798	0.979798	0.979798	0.979798	0.979798	0.979798	0.979798	0.979798	0.979798	0.979798	0.979798	0.979798	0.979798	0.979798	0.979798	0.979798	0.979798	0.979798	0.979798	0.979798	0.979798	0.979798	0.979798	0.979798	0.979798	0.979798	0.979798	0.979798	0.979798	0.979798	0.979798	0.979798	0.979798	0.979798	0.979798	0.979381	0.978963	0.978546	0.978128	0.977711	0.977293	0.976876	0.976459	0.976041	0.975624	0.975206	
0.979798	0.979798	0.979798	0.979798	0.979798	0.979798	0.979798	0.979798	0.979798	0.979798	0.979798	0.979798	0.979798	0.979798	0.979798	0.979798	0.979798	0.979798	0.979798	0.979798	0.979798	0.979798	0.979798	0.979798	0.979798	0.979798	0.979798	0.979798	0.979798	0.979798	0.979798	0.979798	0.979798	0.979798	0.979798	0.979798	0.979798	0.979798	0.979798	0.979798	0.979798	0.979798	0.979798	0.979798	0.979798	0.979798	0.979798	0.979798	0.979798	0.979798	0.979798	0.979798	0.979798	0.979798	0.979798	0.979798	0.979798	0.979798	0.979798	0.979798	0.979798	0.979798	0.979798	0.979798	0.979798	0.979798	0.979798	0.979798	0.979798	0.979798	0.979798	0.979798	0.979798	0.979798	0.979798	0.979798	0.979798	0.979798	0.979798	0.979798	0.979798	0.979798	0.979798	0.979798	0.979798	0.979798	0.979798	0.979798	0.979798	0.979798	0.979798	0.979798	0.979798	0.979798	0.979798	0.979798	0.979798	0.979798	0.979798	0.979798	0.979798	0.979798	0.979798	0.979798	0.979798	0.979798	0.979798	0.979798	0.979798	0.979798	0.979798	0.979798	0.979798	0.979798	0.979798	0.979798	0.979798	0.979798	0.979798	0.979798	0.979798	0.979798	0.979798	0.979798	0.979798	0.979798	0.979798	0.979798	0.979798	0.979798	0.979798	0.979798	0.979798	0.979798	0.979798	0.979798	0.979798	0.979798	0.979798	0.979798	0.979798	0.979798	0.979798	0.979798	0.979798	0.979798	0.979798	0.979365	0.978932	0.978499	0.978067	0.977634	0.977201	0.976768	0.976335	0.975902	0.97547	0.975037	
0.979798	0.979798	0.979798	0.979798	0.979798	0.979798	0.979798	0.979798	0.979798	0.979798	0.979798	0.979798	0.979798	0.979798	0.979798	0.979798	0.979798	0.979798	0.979798	0.979798	0.979798	0.979798	0.979798	0.979798	0.979798	0.979798	0.979798	0.979798	0.979798	0.979798	0.979798	0.979798	0.979798	0.979798	0.979798	0.979798	0.979798	0.979798	0.979798	0.979798	0.979798	0.979798	0.979798	0.979798	0.979798	0.979798	0.979798	0.979798	0.979798	0.979798	0.979798	0.979798	0.979798	0.979798	0.979798	0.979798	0.979798	0.979798	0.979798	0.979798	0.979798	0.979798	0.979798	0.979798	0.979798	0.979798	0.979798	0.979798	0.979798	0.979798	0.979798	0.979798	0.979798	0.979798	0.979798	0.979798	0.979798	0.979798	0.979798	0.979798	0.979798	0.979798	0.979798	0.979798	0.979798	0.979798	0.979798	0.979798	0.979798	0.979798	0.979798	0.979798	0.979798	0.979798	0.979798	0.979798	0.979798	0.979798	0.979798	0.979798	0.979798	0.979798	0.979798	0.979798	0.979798	0.979798	0.979798	0.979798	0.979798	0.979798	0.979798	0.979798	0.979798	0.979798	0.979798	0.979798	0.979798	0.979798	0.979798	0.979798	0.979798	0.979798	0.979798	0.979798	0.979798	0.979798	0.979798	0.979798	0.979798	0.979798	0.979798	0.979798	0.979798	0.979798	0.979798	0.979798	0.979798	0.979798	0.979798	0.979798	0.979798	0.979798	0.979798	0.979798	0.979798	0.979798	0.979798	0.979798	0.979798	0.979798	0.97935	0.978901	0.978453	0.978005	0.977557	0.977108	0.97666	0.976212	0.975764	0.975315	0.974867	
0.979798	0.979798	0.979798	0.979798	0.979798	0.979798	0.979798	0.979798	0.979798	0.979798	0.979798	0.979798	0.979798	0.979798	0.979798	0.979798	0.979798	0.979798	0.979798	0.979798	0.979798	0.979798	0.979798	0.979798	0.979798	0.979798	0.979798	0.979798	0.979798	0.979798	0.979798	0.979798	0.979798	0.979798	0.979798	0.979798	0.979798	0.979798	0.979798	0.979798	0.979798	0.979798	0.979798	0.979798	0.979798	0.979798	0.979798	0.979798	0.979798	0.979798	0.979798	0.979798	0.979798	0.979798	0.979798	0.979798	0.979798	0.979798	0.979798	0.979798	0.979798	0.979798	0.979798	0.979798	0.979798	0.979798	0.979798	0.979798	0.979798	0.979798	0.979798	0.979798	0.979798	0.979798	0.979798	0.979798	0.979798	0.979798	0.979798	0.979798	0.979798	0.979798	0.979798	0.979798	0.979798	0.979798	0.979798	0.979798	0.979798	0.979798	0.979798	0.979798	0.979798	0.979798	0.979798	0.979798	0.979798	0.979798	0.979798	0.979798	0.979798	0.979798	0.979798	0.979798	0.979798	0.979798	0.979798	0.979798	0.979798	0.979798	0.979798	0.979798	0.979798	0.979798	0.979798	0.979798	0.979798	0.979798	0.979798	0.979798	0.979798	0.979798	0.979798	0.979798	0.979798	0.979798	0.979798	0.979798	0.979798	0.979798	0.979798	0.979798	0.979798	0.979798	0.979798	0.979798	0.979798	0.979798	0.979798	0.979798	0.979798	0.979798	0.979798	0.979798	0.979798	0.979798	0.979798	0.979798	0.979798	0.979798	0.979798	0.979334	0.978871	0.978407	0.977943	0.97748	0.977016	0.976552	0.976089	0.975625	0.975161	0.974698	
0.979798	0.979798	0.979798	0.979798	0.979798	0.979798	0.979798	0.979798	0.979798	0.979798	0.979798	0.979798	0.979798	0.979798	0.979798	0.979798	0.979798	0.979798	0.979798	0.979798	0.979798	0.979798	0.979798	0.979798	0.979798	0.979798	0.979798	0.979798	0.979798	0.979798	0.979798	0.979798	0.979798	0.979798	0.979798	0.979798	0.979798	0.979798	0.979798	0.979798	0.979798	0.979798	0.979798	0.979798	0.979798	0.979798	0.979798	0.979798	0.979798	0.979798	0.979798	0.979798	0.979798	0.979798	0.979798	0.979798	0.979798	0.979798	0.979798	0.979798	0.979798	0.979798	0.979798	0.979798	0.979798	0.979798	0.979798	0.979798	0.979798	0.979798	0.979798	0.979798	0.979798	0.979798	0.979798	0.979798	0.979798	0.979798	0.979798	0.979798	0.979798	0.979798	0.979798	0.979798	0.979798	0.979798	0.979798	0.979798	0.979798	0.979798	0.979798	0.979798	0.979798	0.979798	0.979798	0.979798	0.979798	0.979798	0.979798	0.979798	0.979798	0.979798	0.979798	0.979798	0.979798	0.979798	0.979798	0.979798	0.979798	0.979798	0.979798	0.979798	0.979798	0.979798	0.979798	0.979798	0.979798	0.979798	0.979798	0.979798	0.979798	0.979798	0.979798	0.979798	0.979798	0.979798	0.979798	0.979798	0.979798	0.979798	0.979798	0.979798	0.979798	0.979798	0.979798	0.979798	0.979798	0.979798	0.979798	0.979798	0.979798	0.979798	0.979798	0.979798	0.979798	0.979798	0.979798	0.979798	0.979798	0.979798	0.979798	0.979798	0.979319	0.97884	0.978361	0.977882	0.977403	0.976924	0.976444	0.975965	0.975486	0.975007	0.974528	
0.979798	0.979798	0.979798	0.979798	0.979798	0.979798	0.979798	0.979798	0.979798	0.979798	0.979798	0.979798	0.979798	0.979798	0.979798	0.979798	0.979798	0.979798	0.979798	0.979798	0.979798	0.979798	0.979798	0.979798	0.979798	0.979798	0.979798	0.979798	0.979798	0.979798	0.979798	0.979798	0.979798	0.979798	0.979798	0.979798	0.979798	0.979798	0.979798	0.979798	0.979798	0.979798	0.979798	0.979798	0.979798	0.979798	0.979798	0.979798	0.979798	0.979798	0.979798	0.979798	0.979798	0.979798	0.979798	0.979798	0.979798	0.979798	0.979798	0.979798	0.979798	0.979798	0.979798	0.979798	0.979798	0.979798	0.979798	0.979798	0.979798	0.979798	0.979798	0.979798	0.979798	0.979798	0.979798	0.979798	0.979798	0.979798	0.979798	0.979798	0.979798	0.979798	0.979798	0.979798	0.979798	0.979798	0.979798	0.979798	0.979798	0.979798	0.979798	0.979798	0.979798	0.979798	0.979798	0.979798	0.979798	0.979798	0.979798	0.979798	0.979798	0.979798	0.979798	0.979798	0.979798	0.979798	0.979798	0.979798	0.979798	0.979798	0.979798	0.979798	0.979798	0.979798	0.979798	0.979798	0.979798	0.979798	0.979798	0.979798	0.979798	0.979798	0.979798	0.979798	0.979798	0.979798	0.979798	0.979798	0.979798	0.979798	0.979798	0.979798	0.979798	0.979798	0.979798	0.979798	0.979798	0.979798	0.979798	0.979798	0.979798	0.979798	0.979798	0.979798	0.979798	0.979798	0.979798	0.979798	0.979798	0.979798	0.979798	0.979798	0.979798	0.979303	0.978809	0.978315	0.97782	0.977326	0.976831	0.976337	0.975842	0.975348	0.974853	0.974359	
0.979039	0.97908	0.979121	0.979798	0.979798	0.979798	0.979798	0.979798	0.979798	0.979798	0.979798	0.979798	0.979798	0.979798	0.979798	0.979798	0.979798	0.979798	0.979798	0.979798	0.979798	0.979798	0.979798	0.979798	0.979798	0.979798	0.979798	0.979798	0.979798	0.979798	0.979798	0.979798	0.979798	0.979798	0.979798	0.979798	0.979798	0.979798	0.979798	0.979798	0.979798	0.979798	0.979798	0.979798	0.979798	0.979798	0.979798	0.979798	0.979798	0.979798	0.979798	0.979798	0.979798	0.979798	0.979798	0.979798	0.979798	0.979798	0.979798	0.979798	0.979798	0.979798	0.979798	0.979798	0.979798	0.979798	0.979798	0.979798	0.979798	0.979798	0.979798	0.979798	0.979798	0.979798	0.979798	0.979798	0.979798	0.979798	0.979798	0.979798	0.979798	0.979798	0.979798	0.979798	0.979798	0.979798	0.979798	0.979798	0.979798	0.979798	0.979798	0.979798	0.979798	0.979798	0.979798	0.979798	0.979798	0.979798	0.979798	0.979798	0.979798	0.979798	0.979798	0.979798	0.979798	0.979798	0.979798	0.979798	0.979798	0.979798	0.979798	0.979798	0.979798	0.979798	0.979798	0.979798	0.979798	0.979798	0.979798	0.979798	0.979798	0.979798	0.979798	0.979798	0.979798	0.979798	0.979798	0.979798	0.979798	0.979798	0.979798	0.979798	0.979798	0.979798	0.979798	0.979798	0.979798	0.979798	0.979798	0.979798	0.979798	0.979798	0.979798	0.979798	0.979798	0.979798	0.979798	0.979798	0.979798	0.979798	0.979798	0.979798	0.979798	0.979798	0.979798	0.979798	0.979798	0.979288	0.978778	0.978268	0.977758	0.977248	0.976739	0.976229	0.975719	0.975209	0.974699	0.974189	
0.979067	0.979109	0.979151	0.979192	0.979234	0.979798	0.979798	0.979798	0.979798	0.979798	0.979798	0.979798	0.979798	0.979798	0.979798	0.979798	0.979798	0.979798	0.979798	0.979798	0.979798	0.979798	0.979798	0.979798	0.979798	0.979798	0.979798	0.979798	0.979798	0.979798	0.979798	0.979798	0.979798	0.979798	0.979798	0.979798	0.979798	0.979798	0.979798	0.979798	0.979798	0.979798	0.979798	0.979798	0.979798	0.979798	0.979798	0.979798	0.979798	0.979798	0.979798	0.979798	0.979798	0.979798	0.979798	0.979798	0.979798	0.979798	0.979798	0.979798	0.979798	0.979798	0.979798	0.979798	0.979798	0.979798	0.979798	0.979798	0.979798	0.979798	0.979798	0.979798	0.979798	0.979798	0.979798	0.979798	0.979798	0.979798	0.979798	0.979798	0.979798	0.979798	0.979798	0.979798	0.979798	0.979798	0.979798	0.979798	0.979798	0.979798	0.979798	0.979798	0.979798	0.979798	0.979798	0.979798	0.979798	0.979798	0.979798	0.979798	0.979798	0.979798	0.979798	0.979798	0.979798	0.979798	0.979798	0.979798	0.979798	0.979798	0.979798	0.979798	0.979798	0.979798	0.979798	0.979798	0.979798	0.979798	0.979798	0.979798	0.979798	0.979798	0.979798	0.979798	0.979798	0.979798	0.979798	0.979798	0.979798	0.979798	0.979798	0.979798	0.979798	0.979798	0.979798	0.979798	0.979798	0.979798	0.979798	0.979798	0.979798	0.979798	0.979798	0.979798	0.979798	0.979798	0.979798	0.979798	0.979798	0.979798	0.979798	0.979798	0.979798	0.979798	0.979798	0.979798	0.979798	0.979798	0.979798	0.979798	0.979273	0.978747	0.978222	0.977697	0.977171	0.976646	0.976121	0.975596	0.97507	0.974545	0.97402	
0.979096	0.977709	0.977797	0.977884	0.979264	0.979306	0.979347	0.979798	0.979798	0.979798	0.979798	0.979798	0.979798	0.979798	0.979798	0.979798	0.979798	0.979798	0.979798	0.979798	0.979798	0.979798	0.979798	0.979798	0.979798	0.979798	0.979798	0.979798	0.979798	0.979798	0.979798	0.979798	0.979798	0.979798	0.979798	0.979798	0.979798	0.979798	0.979798	0.979798	0.979798	0.979798	0.979798	0.979798	0.979798	0.979798	0.979798	0.979798	0.979798	0.979798	0.979798	0.979798	0.979798	0.979798	0.979798	0.979798	0.979798	0.979798	0.979798	0.979798	0.979798	0.979798	0.979798	0.979798	0.979798	0.979798	0.979798	0.979798	0.979798	0.979798	0.979798	0.979798	0.979798	0.979798	0.979798	0.979798	0.979798	0.979798	0.979798	0.979798	0.979798	0.979798	0.979798	0.979798	0.979798	0.979798	0.979798	0.979798	0.979798	0.979798	0.979798	0.979798	0.979798	0.979798	0.979798	0.979798	0.979798	0.979798	0.979798	0.979798	0.979798	0.979798	0.979798	0.979798	0.979798	0.979798	0.979798	0.979798	0.979798	0.979798	0.979798	0.979798	0.979798	0.979798	0.979798	0.979798	0.979798	0.979798	0.979798	0.979798	0.979798	0.979798	0.979798	0.979798	0.979798	0.979798	0.979798	0.979798	0.979798	0.979798	0.979798	0.979798	0.979798	0.979798	0.979798	0.979798	0.979798	0.979798	0.979798	0.979798	0.979798	0.979798	0.979798	0.979798	0.979798	0.979798	0.979798	0.979798	0.979798	0.979798	0.979798	0.979798	0.979798	0.979798	0.979798	0.979798	0.979798	0.979798	0.979798	0.979798	0.979798	0.979798	0.979798	0.979257	0.978717	0.978176	0.977635	0.977094	0.976554	0.976013	0.975472	0.974932	0.974391	0.97385	
0.977795	0.977876	0.977957	0.978038	0.97812	0.978201	0.979377	0.979419	0.979461	0.979798	0.979798	0.979798	0.979798	0.979798	0.979798	0.979798	0.977196	0.977252	0.979798	0.979798	0.979798	0.979798	0.979798	0.979798	0.979798	0.979798	0.979798	0.979798	0.979798	0.979798	0.979798	0.979798	0.979798	0.979798	0.979798	0.979798	0.979798	0.979798	0.979798	0.979798	0.979798	0.979798	0.979798	0.979798	0.979798	0.979798	0.979798	0.979798	0.979798	0.979798	0.979798	0.979798	0.979798	0.979798	0.979798	0.979798	0.979798	0.979798	0.979798	0.979798	0.979798	0.979798	0.979798	0.979798	0.979798	0.979798	0.979798	0.979798	0.979798	0.979798	0.979798	0.979798	0.979798	0.979798	0.979798	0.979798	0.979798	0.979798	0.979798	0.979798	0.979798	0.979798	0.979798	0.979798	0.979798	0.979798	0.979798	0.979798	0.979798	0.979798	0.979798	0.979798	0.979798	0.979798	0.979798	0.979798	0.979798	0.979798	0.979798	0.979798	0.979798	0.979798	0.979798	0.979798	0.979798	0.979798	0.979798	0.979798	0.979798	0.979798	0.979798	0.979798	0.979798	0.979798	0.979798	0.979798	0.979798	0.979798	0.979798	0.979798	0.979798	0.979798	0.979798	0.979798	0.979798	0.979798	0.979798	0.979798	0.979798	0.979798	0.979798	0.979798	0.979798	0.979798	0.979798	0.979798	0.979798	0.979798	0.979798	0.979798	0.979798	0.979798	0.979798	0.979798	0.979798	0.979798	0.979798	0.979798	0.979798	0.979798	0.979798	0.979798	0.979798	0.979798	0.979798	0.979798	0.979798	0.979798	0.979798	0.979798	0.979798	0.979798	0.979798	0.979798	0.979798	0.979798	0.979242	0.978686	0.97813	0.977573	0.977017	0.976461	0.975905	0.975349	0.974793	0.974237	0.973681	
0.979153	0.97788	0.977971	0.978062	0.978153	0.978244	0.978335	0.978427	0.978518	0.979532	0.979574	0.979798	0.979798	0.979798	0.979798	0.979798	0.979798	0.977307	0.977548	0.979798	0.979798	0.979798	0.979798	0.979798	0.979798	0.979798	0.979798	0.979798	0.979798	0.979798	0.979798	0.979798	0.979798	0.979798	0.979798	0.979798	0.979798	0.979798	0.979798	0.979798	0.979798	0.979798	0.979798	0.979798	0.979798	0.979798	0.979798	0.979798	0.979798	0.979798	0.979798	0.979798	0.979798	0.979798	0.979798	0.979798	0.979798	0.979798	0.979798	0.979798	0.979798	0.979798	0.979798	0.979798	0.979798	0.979798	0.979798	0.979798	0.979798	0.979798	0.979798	0.979798	0.979798	0.979798	0.979798	0.979798	0.979798	0.979798	0.979798	0.979798	0.979798	0.979798	0.979798	0.979798	0.979798	0.979798	0.979798	0.979798	0.979798	0.979798	0.979798	0.979798	0.979798	0.979798	0.979798	0.979798	0.979798	0.979798	0.979798	0.979798	0.979798	0.979798	0.979798	0.979798	0.979798	0.979798	0.979798	0.979798	0.979798	0.979798	0.979798	0.979798	0.979798	0.979798	0.979798	0.979798	0.979798	0.979798	0.979798	0.979798	0.979798	0.979798	0.979798	0.979798	0.979798	0.979798	0.979798	0.979798	0.979798	0.979798	0.979798	0.979798	0.979798	0.979798	0.979798	0.979798	0.979798	0.979798	0.979798	0.979798	0.979798	0.979798	0.979798	0.979798	0.979798	0.979798	0.979798	0.979798	0.979798	0.979798	0.979798	0.979798	0.979798	0.979798	0.979798	0.979798	0.979798	0.979798	0.979798	0.979798	0.979798	0.979798	0.979798	0.979798	0.979798	0.979798	0.979798	0.979798	0.979226	0.978655	0.978083	0.977512	0.97694	0.976369	0.975797	0.975226	0.974654	0.974083	0.973511	
0.979182	0.977965	0.978052	0.978139	0.978226	0.978313	0.9784	0.978487	0.978574	0.978661	0.978748	0.978835	0.979688	0.979798	0.979798	0.979798	0.979798	0.977417	0.977631	0.977844	0.979798	0.979798	0.979798	0.979798	0.979798	0.979798	0.979798	0.979798	0.979798	0.979798	0.979798	0.979798	0.979798	0.979798	0.979798	0.979798	0.979798	0.979798	0.979798	0.979798	0.979798	0.979798	0.979798	0.979798	0.979798	0.979798	0.979798	0.979798	0.979798	0.979798	0.979798	0.979798	0.979798	0.979798	0.979798	0.979798	0.979798	0.979798	0.979798	0.979798	0.979798	0.979798	0.979798	0.979798	0.979798	0.979798	0.979798	0.979798	0.979798	0.979798	0.979798	0.979798	0.979798	0.979798	0.979798	0.979798	0.979798	0.979798	0.979798	0.979798	0.979798	0.979798	0.979798	0.979798	0.979798	0.979798	0.979798	0.979798	0.979798	0.979798	0.979798	0.979798	0.979798	0.979798	0.979798	0.979798	0.979798	0.979798	0.979798	0.979798	0.979798	0.979798	0.979798	0.979798	0.979798	0.979798	0.979798	0.979798	0.979798	0.979798	0.979798	0.979798	0.979798	0.979798	0.979798	0.979798	0.979798	0.979798	0.979798	0.979798	0.979798	0.979798	0.979798	0.979798	0.979798	0.979798	0.979798	0.979798	0.979798	0.979798	0.979798	0.979798	0.979798	0.979798	0.979798	0.979798	0.979798	0.979798	0.979798	0.979798	0.979798	0.979798	0.979798	0.979798	0.979798	0.979798	0.979798	0.979798	0.979798	0.979798	0.979798	0.979798	0.979798	0.979798	0.979798	0.979798	0.979798	0.979798	0.979798	0.979798	0.979798	0.979798	0.979798	0.979798	0.979798	0.979798	0.979798	0.979798	0.979798	0.979211	0.978624	0.978037	0.97745	0.976863	0.976276	0.975689	0.975102	0.974515	0.973928	0.973342	
0.979211	0.97805	0.978135	0.97822	0.978304	0.978389	0.978474	0.978559	0.978643	0.978728	0.978813	0.978897	0.978982	0.979067	0.979151	0.977528	0.977681	0.977834	0.977987	0.97814	0.979798	0.979798	0.979798	0.979798	0.979798	0.979798	0.979798	0.979798	0.979798	0.979798	0.979798	0.979798	0.979798	0.979798	0.979798	0.979798	0.979798	0.979798	0.979798	0.979798	0.979798	0.979798	0.979798	0.979798	0.979798	0.979798	0.979798	0.979798	0.979798	0.979798	0.979798	0.979798	0.979798	0.979798	0.979798	0.979798	0.979798	0.979798	0.979798	0.979798	0.979798	0.979798	0.979798	0.979798	0.979798	0.979798	0.979798	0.979798	0.979798	0.979798	0.979798	0.979798	0.979798	0.979798	0.979798	0.979798	0.979798	0.979798	0.979798	0.979798	0.979798	0.979798	0.979798	0.979798	0.979798	0.979798	0.979798	0.979798	0.979798	0.979798	0.979798	0.979798	0.979798	0.979798	0.979798	0.979798	0.979798	0.979798	0.979798	0.979798	0.979798	0.979798	0.979798	0.979798	0.979798	0.979798	0.979798	0.979798	0.979798	0.979798	0.979798	0.979798	0.979798	0.979798	0.979798	0.979798	0.979798	0.979798	0.979798	0.979798	0.979798	0.979798	0.979798	0.979798	0.979798	0.979798	0.979798	0.979798	0.979798	0.979798	0.979798	0.979798	0.979798	0.979798	0.979798	0.979798	0.979798	0.979798	0.979798	0.979798	0.979798	0.979798	0.979798	0.979798	0.979798	0.979798	0.979798	0.979798	0.979798	0.979798	0.979798	0.979798	0.979798	0.979798	0.979798	0.979798	0.979798	0.979798	0.979798	0.979798	0.979798	0.979798	0.979798	0.979798	0.979798	0.979798	0.979798	0.979798	0.979798	0.979196	0.978593	0.977991	0.977389	0.976786	0.976184	0.975581	0.974979	0.974377	0.973774	0.973172	
0.979239	0.978136	0.978219	0.978302	0.978385	0.978469	0.978552	0.978635	0.978719	0.978802	0.978885	0.978969	0.979052	0.979135	0.979218	0.977639	0.977798	0.977958	0.978117	0.978276	0.978436	0.979798	0.979798	0.979798	0.979798	0.979798	0.979798	0.979798	0.979798	0.979798	0.979798	0.979798	0.979798	0.979798	0.979798	0.979798	0.979798	0.979798	0.979798	0.979798	0.979798	0.979798	0.979798	0.979798	0.979798	0.979798	0.979798	0.979798	0.979798	0.979798	0.979798	0.979798	0.979798	0.979798	0.979798	0.979798	0.979798	0.979798	0.979798	0.979798	0.979798	0.979798	0.979798	0.979798	0.979798	0.979798	0.979798	0.979798	0.979798	0.979798	0.979798	0.979798	0.979798	0.979798	0.979798	0.979798	0.979798	0.979798	0.979798	0.979798	0.979798	0.979798	0.979798	0.979798	0.979798	0.979798	0.979798	0.979798	0.979798	0.979798	0.979798	0.979798	0.979798	0.979798	0.979798	0.979798	0.979798	0.979798	0.979798	0.979798	0.979798	0.979798	0.979798	0.979798	0.979798	0.979798	0.979798	0.979798	0.979798	0.979798	0.979798	0.979798	0.979798	0.979798	0.979798	0.979798	0.979798	0.979798	0.979798	0.979798	0.979798	0.979798	0.979798	0.979798	0.979798	0.979798	0.979798	0.979798	0.979798	0.979798	0.979798	0.979798	0.979798	0.979798	0.979798	0.979798	0.979798	0.979798	0.979798	0.979798	0.979798	0.979798	0.979798	0.979798	0.979798	0.979798	0.979798	0.979798	0.979798	0.979798	0.979798	0.979798	0.979798	0.979798	0.979798	0.979798	0.979798	0.979798	0.979798	0.979798	0.979798	0.979798	0.979798	0.979798	0.979798	0.979798	0.979798	0.979798	0.979798	0.979798	0.97918	0.978562	0.977945	0.977327	0.976709	0.976091	0.975474	0.974856	0.974238	0.97362	0.973003	
0.978221	0.978303	0.978386	0.978468	0.97855	0.978633	0.978715	0.978797	0.97888	0.978962	0.979044	0.979126	0.979209	0.979291	0.97775	0.977913	0.978077	0.978241	0.978404	0.978568	0.978732	0.979798	0.979798	0.979798	0.979798	0.979798	0.979798	0.979798	0.979798	0.979798	0.979798	0.979798	0.979798	0.979798	0.979798	0.979798	0.979798	0.979798	0.979798	0.979798	0.979798	0.979798	0.979798	0.979798	0.979798	0.979798	0.979798	0.979798	0.979798	0.979798	0.979798	0.979798	0.979798	0.979798	0.979798	0.979798	0.979798	0.979798	0.979798	0.979798	0.979798	0.979798	0.979798	0.979798	0.979798	0.979798	0.979798	0.979798	0.979798	0.979798	0.979798	0.979798	0.979798	0.979798	0.979798	0.979798	0.979798	0.979798	0.979798	0.979798	0.979798	0.979798	0.979798	0.979798	0.979798	0.979798	0.979798	0.979798	0.979798	0.979798	0.979798	0.979798	0.979798	0.979798	0.979798	0.979798	0.979798	0.979798	0.979798	0.979798	0.979798	0.979798	0.979798	0.979798	0.979798	0.979798	0.979798	0.979798	0.979798	0.979798	0.979798	0.979798	0.979798	0.979798	0.979798	0.979798	0.979798	0.979798	0.979798	0.979798	0.979798	0.979798	0.979798	0.979798	0.979798	0.979798	0.979798	0.979798	0.979798	0.979798	0.979798	0.979798	0.979798	0.979798	0.979798	0.979798	0.979798	0.979798	0.979798	0.979798	0.979798	0.979798	0.979798	0.979798	0.979798	0.979798	0.979798	0.979798	0.979798	0.979798	0.979798	0.979798	0.979798	0.979798	0.979798	0.979798	0.979798	0.979798	0.979798	0.979798	0.979798	0.979798	0.979798	0.979798	0.979798	0.979798	0.979798	0.979798	0.979798	0.979798	0.979165	0.978532	0.977898	0.977265	0.976632	0.975999	0.975366	0.974733	0.974099	0.973466	0.972833	
0.979297	0.978306	0.978392	0.978477	0.978563	0.978648	0.978734	0.978819	0.978905	0.97899	0.979076	0.979161	0.979247	0.97786	0.978027	0.978194	0.978361	0.978527	0.978694	0.978861	0.979028	0.979798	0.979798	0.979798	0.979798	0.979798	0.979798	0.979798	0.979798	0.979798	0.979798	0.979798	0.979798	0.979798	0.979798	0.979798	0.979798	0.979798	0.979798	0.979798	0.979798	0.979798	0.979798	0.979798	0.979798	0.979798	0.979798	0.979798	0.979798	0.979798	0.979798	0.979798	0.979798	0.979798	0.979798	0.979798	0.979798	0.979798	0.979798	0.979798	0.979798	0.979798	0.979798	0.979798	0.979798	0.979798	0.979798	0.979798	0.979798	0.979798	0.979798	0.979798	0.979798	0.979798	0.979798	0.979798	0.979798	0.979798	0.979798	0.979798	0.979798	0.979798	0.979798	0.979798	0.979798	0.979798	0.979798	0.979798	0.979798	0.979798	0.979798	0.979798	0.979798	0.979798	0.979798	0.979798	0.979798	0.979798	0.979798	0.979798	0.979798	0.979798	0.979798	0.979798	0.979798	0.979798	0.979798	0.979798	0.979798	0.979798	0.979798	0.979798	0.979798	0.979798	0.979798	0.979798	0.979798	0.979798	0.979798	0.979798	0.979798	0.979798	0.979798	0.979798	0.979798	0.979798	0.979798	0.979798	0.979798	0.979798	0.979798	0.979798	0.979798	0.979798	0.979798	0.979798	0.979798	0.979798	0.979798	0.979798	0.979798	0.979798	0.979798	0.979798	0.979798	0.979798	0.979798	0.979798	0.979798	0.979798	0.979798	0.979798	0.979798	0.979798	0.979798	0.979798	0.979798	0.979798	0.979798	0.979798	0.979798	0.979798	0.979798	0.979798	0.979798	0.979798	0.979798	0.979798	0.979798	0.979798	0.979798	0.979149	0.978501	0.977852	0.977204	0.976555	0.975906	0.975258	0.974609	0.973961	0.973312	0.972663	
0.978391	0.978476	0.97856	0.978645	0.978729	0.978814	0.978898	0.978983	0.979067	0.979152	0.979236	0.979321	0.977971	0.97814	0.978309	0.978478	0.978647	0.978816	0.978985	0.979154	0.979324	0.979798	0.979798	0.979798	0.979798	0.979798	0.979798	0.979798	0.979798	0.979798	0.979798	0.979798	0.979798	0.979798	0.979798	0.979798	0.979798	0.979798	0.979798	0.979798	0.979798	0.979798	0.979798	0.979798	0.979798	0.979798	0.979798	0.979798	0.979798	0.979798	0.979798	0.979798	0.979798	0.979798	0.979798	0.979798	0.979798	0.979798	0.979798	0.979798	0.979798	0.979798	0.979798	0.979798	0.979798	0.979798	0.979798	0.979798	0.979798	0.979798	0.979798	0.979798	0.979798	0.979798	0.979798	0.979798	0.979798	0.979798	0.979798	0.979798	0.979798	0.979798	0.979798	0.979798	0.979798	0.979798	0.979798	0.979798	0.979798	0.979798	0.979798	0.979798	0.979798	0.979798	0.979798	0.979798	0.979798	0.979798	0.979798	0.979798	0.979798	0.979798	0.979798	0.979798	0.979798	0.979798	0.979798	0.979798	0.979798	0.979798	0.979798	0.979798	0.979798	0.979798	0.979798	0.979798	0.979798	0.979798	0.979798	0.979798	0.979798	0.979798	0.979798	0.979798	0.979798	0.979798	0.979798	0.979798	0.979798	0.979798	0.979798	0.979798	0.979798	0.979798	0.979798	0.979798	0.979798	0.979798	0.979798	0.979798	0.979798	0.979798	0.979798	0.979798	0.979798	0.979798	0.979798	0.979798	0.979798	0.979798	0.979798	0.979798	0.979798	0.979798	0.979798	0.979798	0.979798	0.979798	0.979798	0.979798	0.979798	0.979798	0.979798	0.979798	0.979798	0.979798	0.979798	0.979798	0.979798	0.979798	0.979798	0.979134	0.97847	0.977806	0.977142	0.976478	0.975814	0.97515	0.974486	0.973822	0.973158	0.972494	
0.979354	0.978477	0.978564	0.97865	0.978737	0.978824	0.978911	0.978998	0.979085	0.979172	0.979259	0.979346	0.978082	0.978253	0.978423	0.978594	0.978765	0.978936	0.979107	0.979278	0.979449	0.97962	0.979798	0.979798	0.979798	0.979798	0.979798	0.979798	0.979798	0.979798	0.979798	0.979798	0.979798	0.979798	0.979798	0.979798	0.979798	0.979798	0.979798	0.979798	0.979798	0.979798	0.979798	0.979798	0.979798	0.979798	0.979798	0.979798	0.979798	0.979798	0.979798	0.979798	0.979798	0.979798	0.979798	0.979798	0.979798	0.979798	0.979798	0.979798	0.979798	0.979798	0.979798	0.979798	0.979798	0.979798	0.979798	0.979798	0.979798	0.979798	0.979798	0.979798	0.979798	0.979798	0.979798	0.979798	0.979798	0.979798	0.979798	0.979798	0.979798	0.979798	0.979798	0.979798	0.979798	0.979798	0.979798	0.979798	0.979798	0.979798	0.979798	0.979798	0.979798	0.979798	0.979798	0.979798	0.979798	0.979798	0.979798	0.979798	0.979798	0.979798	0.979798	0.979798	0.979798	0.979798	0.979798	0.979798	0.979798	0.979798	0.979798	0.979798	0.979798	0.979798	0.979798	0.979798	0.979798	0.979798	0.979798	0.979798	0.979798	0.979798	0.979798	0.979798	0.979798	0.979798	0.979798	0.979798	0.979798	0.979798	0.979798	0.979798	0.979798	0.979798	0.979798	0.979798	0.979798	0.979798	0.979798	0.979798	0.979798	0.979798	0.979798	0.979798	0.979798	0.979798	0.979798	0.979798	0.979798	0.979798	0.979798	0.979798	0.979798	0.979798	0.979798	0.979798	0.979798	0.979798	0.979798	0.979798	0.979798	0.979798	0.979798	0.979798	0.979798	0.979798	0.979798	0.979798	0.979798	0.979798	0.979798	0.979798	0.979119	0.978439	0.97776	0.97708	0.976401	0.975722	0.975042	0.974363	0.973683	0.973004	0.972324	
0.979383	0.978562	0.978646	0.97873	0.978815	0.978899	0.978983	0.979067	0.979152	0.979236	0.97932	0.978192	0.978349	0.978506	0.978662	0.978819	0.978976	0.979132	0.979289	0.979446	0.979602	0.979759	0.979798	0.979798	0.979798	0.979798	0.979798	0.979798	0.979798	0.979798	0.979798	0.979798	0.979798	0.979798	0.979798	0.979798	0.979798	0.979798	0.979798	0.979798	0.979798	0.979798	0.979798	0.979798	0.979798	0.979798	0.979798	0.979798	0.979798	0.979798	0.979798	0.979798	0.979798	0.979798	0.979798	0.979798	0.979798	0.979798	0.979798	0.979798	0.979798	0.979798	0.979798	0.979798	0.979798	0.979798	0.979798	0.979798	0.979798	0.979798	0.979798	0.979798	0.979798	0.979798	0.979798	0.979798	0.979798	0.979798	0.979798	0.979798	0.979798	0.979798	0.979798	0.979798	0.979798	0.979798	0.979798	0.979798	0.979798	0.979798	0.979798	0.979798	0.979798	0.979798	0.979798	0.979798	0.979798	0.979798	0.979798	0.979798	0.979798	0.979798	0.979798	0.979798	0.979798	0.979798	0.979798	0.979798	0.979798	0.979798	0.979798	0.979798	0.979798	0.979798	0.979798	0.979798	0.979798	0.979798	0.979798	0.979798	0.979798	0.979798	0.979798	0.979798	0.979798	0.979798	0.979798	0.979798	0.979798	0.979798	0.979798	0.979798	0.979798	0.979798	0.979798	0.979798	0.979798	0.979798	0.979798	0.979798	0.979798	0.979798	0.979798	0.979798	0.979798	0.979798	0.979798	0.979798	0.979798	0.979798	0.979798	0.979798	0.979798	0.979798	0.979798	0.979798	0.979798	0.979798	0.979798	0.979798	0.979798	0.979798	0.979798	0.979798	0.979798	0.979798	0.979798	0.979798	0.979798	0.979798	0.979798	0.979798	0.979798	0.979103	0.978408	0.977714	0.977019	0.976324	0.975629	0.974934	0.974239	0.973545	0.97285	0.972155	
0.978647	0.978731	0.978816	0.9789	0.978984	0.979068	0.979153	0.979237	0.979321	0.979405	0.978303	0.978477	0.97865	0.978824	0.978997	0.979171	0.979344	0.979517	0.979691	0.979798	0.979798	0.979798	0.979798	0.979798	0.979798	0.979798	0.979798	0.979798	0.979798	0.979798	0.979798	0.979798	0.979798	0.979798	0.979798	0.979798	0.979798	0.979798	0.979798	0.979798	0.979798	0.979798	0.979798	0.979798	0.979798	0.979798	0.979798	0.979798	0.979798	0.979798	0.979798	0.979798	0.979798	0.979798	0.979798	0.979798	0.979798	0.979798	0.979798	0.979798	0.979798	0.979798	0.979798	0.979798	0.979798	0.979798	0.979798	0.979798	0.979798	0.979798	0.979798	0.979798	0.979798	0.979798	0.979798	0.979798	0.979798	0.979798	0.979798	0.979798	0.979798	0.979798	0.979798	0.979798	0.979798	0.979798	0.979798	0.979798	0.979798	0.979798	0.979798	0.979798	0.979798	0.979798	0.979798	0.979798	0.979798	0.979798	0.979798	0.979798	0.979798	0.979798	0.979798	0.979798	0.979798	0.979798	0.979798	0.979798	0.979798	0.979798	0.979798	0.979798	0.979798	0.979798	0.979798	0.979798	0.979798	0.979798	0.979798	0.979798	0.979798	0.979798	0.979798	0.979798	0.979798	0.979798	0.979798	0.979798	0.979798	0.979798	0.979798	0.979798	0.979798	0.979798	0.979798	0.979798	0.979798	0.979798	0.979798	0.979798	0.979798	0.979798	0.979798	0.979798	0.979798	0.979798	0.979798	0.979798	0.979798	0.979798	0.979798	0.979798	0.979798	0.979798	0.979798	0.979798	0.979798	0.979798	0.979798	0.979798	0.979798	0.979798	0.979798	0.979798	0.979798	0.979798	0.979798	0.979798	0.979798	0.979798	0.979798	0.979798	0.979798	0.979088	0.978378	0.977667	0.976957	0.976247	0.975537	0.974826	0.974116	0.973406	0.972696	0.971985	
0.97944	0.978732	0.97882	0.978908	0.978996	0.979083	0.979171	0.979259	0.979347	0.979435	0.978414	0.978588	0.978763	0.978937	0.979112	0.979286	0.979461	0.979635	0.979798	0.979798	0.979798	0.979798	0.979798	0.979798	0.979798	0.979798	0.979798	0.979798	0.979798	0.979798	0.979798	0.979798	0.979798	0.979798	0.979798	0.979798	0.979798	0.979798	0.979798	0.979798	0.979798	0.979798	0.979798	0.979798	0.979798	0.979798	0.979798	0.979798	0.979798	0.979798	0.979798	0.979798	0.979798	0.979798	0.979798	0.979798	0.979798	0.979798	0.979798	0.979798	0.979798	0.979798	0.979798	0.979798	0.979798	0.979798	0.979798	0.979798	0.979798	0.979798	0.979798	0.979798	0.979798	0.979798	0.979798	0.979798	0.979798	0.979798	0.979798	0.979798	0.979798	0.979798	0.979798	0.979798	0.979798	0.979798	0.979798	0.979798	0.979798	0.979798	0.979798	0.979798	0.979798	0.979798	0.979798	0.979798	0.979798	0.979798	0.979798	0.979798	0.979798	0.979798	0.979798	0.979798	0.979798	0.979798	0.979798	0.979798	0.979798	0.979798	0.979798	0.979798	0.979798	0.979798	0.979798	0.979798	0.979798	0.979798	0.979798	0.979798	0.979798	0.979798	0.979798	0.979798	0.979798	0.979798	0.979798	0.979798	0.979798	0.979798	0.979798	0.979798	0.979798	0.979798	0.979798	0.979798	0.979798	0.979798	0.979798	0.979798	0.979798	0.979798	0.979798	0.979798	0.979798	0.979798	0.979798	0.979798	0.979798	0.979798	0.979798	0.979798	0.979798	0.979798	0.979798	0.979798	0.979798	0.979798	0.979798	0.979798	0.979798	0.979798	0.979798	0.979798	0.979798	0.979798	0.979798	0.979798	0.979798	0.979798	0.979798	0.979798	0.979798	0.979798	0.979072	0.978347	0.977621	0.976895	0.97617	0.975444	0.974718	0.973993	0.973267	0.972542	0.971816	
0.978818	0.978902	0.978986	0.97907	0.979155	0.979239	0.979323	0.979407	0.978525	0.978687	0.97885	0.979013	0.979176	0.979338	0.979501	0.979664	0.979798	0.979798	0.979798	0.979798	0.979798	0.979798	0.979798	0.979798	0.979798	0.979798	0.979798	0.979798	0.979798	0.979798	0.979798	0.979798	0.979798	0.979798	0.979798	0.979798	0.979798	0.979798	0.979798	0.979798	0.979798	0.979798	0.979798	0.979798	0.979798	0.979798	0.979798	0.979798	0.979798	0.979798	0.979798	0.979798	0.979798	0.979798	0.979798	0.979798	0.979798	0.979798	0.979798	0.979798	0.979798	0.979798	0.979798	0.979798	0.979798	0.979798	0.979798	0.979798	0.979798	0.979798	0.979798	0.979798	0.979798	0.979798	0.979798	0.979798	0.979798	0.979798	0.979798	0.979798	0.979798	0.979798	0.979798	0.979798	0.979798	0.979798	0.979798	0.979798	0.979798	0.979798	0.979798	0.979798	0.979798	0.979798	0.979798	0.979798	0.979798	0.979798	0.979798	0.979798	0.979798	0.979798	0.979798	0.979798	0.979798	0.979798	0.979798	0.979798	0.979798	0.979798	0.979798	0.979798	0.979798	0.979798	0.979798	0.979798	0.979798	0.979798	0.979798	0.979798	0.979798	0.979798	0.979798	0.979798	0.979798	0.979798	0.979798	0.979798	0.979798	0.979798	0.979798	0.979798	0.979798	0.979798	0.979798	0.979798	0.979798	0.979798	0.979798	0.979798	0.979798	0.979798	0.979798	0.979798	0.979798	0.979798	0.979798	0.979798	0.979798	0.979798	0.979798	0.979798	0.979798	0.979798	0.979798	0.979798	0.979798	0.979798	0.979798	0.979798	0.979798	0.979798	0.979798	0.979798	0.979798	0.979798	0.979798	0.979798	0.979798	0.979798	0.979798	0.979798	0.979798	0.979798	0.979057	0.978316	0.977575	0.976834	0.976093	0.975352	0.974611	0.97387	0.973128	0.972387	0.971646	
0.978903	0.978987	0.979071	0.979156	0.97924	0.979324	0.979408	0.979493	0.978635	0.9788	0.978964	0.979128	0.979292	0.979457	0.979621	0.979785	0.979798	0.979798	0.979798	0.979798	0.979798	0.979798	0.979798	0.979798	0.979798	0.979798	0.979798	0.979798	0.979798	0.979798	0.979798	0.979798	0.979798	0.979798	0.979798	0.979798	0.979798	0.979798	0.979798	0.979798	0.979798	0.979798	0.979798	0.979798	0.979798	0.979798	0.979798	0.979798	0.979798	0.979798	0.979798	0.979798	0.979798	0.979798	0.979798	0.979798	0.979798	0.979798	0.979798	0.979798	0.979798	0.979798	0.979798	0.979798	0.979798	0.979798	0.979798	0.979798	0.979798	0.979798	0.979798	0.979798	0.979798	0.979798	0.979798	0.979798	0.979798	0.979798	0.979798	0.979798	0.979798	0.979798	0.979798	0.979798	0.979798	0.979798	0.979798	0.979798	0.979798	0.979798	0.979798	0.979798	0.979798	0.979798	0.979798	0.979798	0.979798	0.979798	0.979798	0.979798	0.979798	0.979798	0.979798	0.979798	0.979798	0.979798	0.979798	0.979798	0.979798	0.979798	0.979798	0.979798	0.979798	0.979798	0.979798	0.979798	0.979798	0.979798	0.979798	0.979798	0.979798	0.979798	0.979798	0.979798	0.979798	0.979798	0.979798	0.979798	0.979798	0.979798	0.979798	0.979798	0.979798	0.979798	0.979798	0.979798	0.979798	0.979798	0.979798	0.979798	0.979798	0.979798	0.979798	0.979798	0.979798	0.979798	0.979798	0.979798	0.979798	0.979798	0.979798	0.979798	0.979798	0.979798	0.979798	0.979798	0.979798	0.979798	0.979798	0.979798	0.979798	0.979798	0.979798	0.979798	0.979798	0.979798	0.979798	0.979798	0.979798	0.979798	0.979798	0.979798	0.979798	0.979798	0.979798	0.979042	0.978285	0.977529	0.976772	0.976016	0.975259	0.974503	0.973746	0.97299	0.972233	0.971477	
0.979526	0.978988	0.979072	0.979157	0.979241	0.979325	0.979409	0.979494	0.978746	0.978912	0.979077	0.979243	0.979408	0.979574	0.979739	0.979798	0.979798	0.979798	0.979798	0.979798	0.979798	0.979798	0.979798	0.979798	0.979798	0.979798	0.979798	0.979798	0.979798	0.979798	0.979798	0.979798	0.979798	0.979798	0.979798	0.979798	0.979798	0.979798	0.979798	0.979798	0.979798	0.979798	0.979798	0.979798	0.979798	0.979798	0.979798	0.979798	0.979798	0.979798	0.979798	0.979798	0.979798	0.979798	0.979798	0.979798	0.979798	0.979798	0.979798	0.979798	0.979798	0.979798	0.979798	0.979798	0.979798	0.979798	0.979798	0.979798	0.979798	0.979798	0.979798	0.979798	0.979798	0.979798	0.979798	0.979798	0.979798	0.979798	0.979798	0.979798	0.979798	0.979798	0.979798	0.979798	0.979798	0.979798	0.979798	0.979798	0.979798	0.979798	0.979798	0.979798	0.979798	0.979798	0.979798	0.979798	0.979798	0.979798	0.979798	0.979798	0.979798	0.979798	0.979798	0.979798	0.979798	0.979798	0.979798	0.979798	0.979798	0.979798	0.979798	0.979798	0.979798	0.979798	0.979798	0.979798	0.979798	0.979798	0.979798	0.979798	0.979798	0.979798	0.979798	0.979798	0.979798	0.979798	0.979798	0.979798	0.979798	0.979798	0.979798	0.979798	0.979798	0.979798	0.979798	0.979798	0.979798	0.979798	0.979798	0.979798	0.979798	0.979798	0.979798	0.979798	0.979798	0.979798	0.979798	0.979798	0.979798	0.979798	0.979798	0.979798	0.979798	0.979798	0.979798	0.979798	0.979798	0.979798	0.979798	0.979798	0.979798	0.979798	0.979798	0.979798	0.979798	0.979798	0.979798	0.979798	0.979798	0.979798	0.979798	0.979798	0.979798	0.979798	0.979798	0.979798	0.979026	0.978254	0.977482	0.97671	0.975939	0.975167	0.974395	0.973623	0.972851	0.972079	0.971307	
0.979073	0.979158	0.979242	0.979326	0.97941	0.979495	0.978857	0.979024	0.97919	0.979357	0.979524	0.97969	0.979798	0.979798	0.979798	0.979798	0.979798	0.979798	0.979798	0.979798	0.979798	0.979798	0.979798	0.979798	0.979798	0.979798	0.979798	0.979798	0.979798	0.979798	0.979798	0.979798	0.979798	0.979798	0.979798	0.979798	0.979798	0.979798	0.979798	0.979798	0.979798	0.979798	0.979798	0.979798	0.979798	0.979798	0.979798	0.979798	0.979798	0.979798	0.979798	0.979798	0.979798	0.979798	0.979798	0.979798	0.979798	0.979798	0.979798	0.979798	0.979798	0.979798	0.979798	0.979798	0.979798	0.979798	0.979798	0.979798	0.979798	0.979798	0.979798	0.979798	0.979798	0.979798	0.979798	0.979798	0.979798	0.979798	0.979798	0.979798	0.979798	0.979798	0.979798	0.979798	0.979798	0.979798	0.979798	0.979798	0.979798	0.979798	0.979798	0.979798	0.979798	0.979798	0.979798	0.979798	0.979798	0.979798	0.979798	0.979798	0.979798	0.979798	0.979798	0.979798	0.979798	0.979798	0.979798	0.979798	0.979798	0.979798	0.979798	0.979798	0.979798	0.979798	0.979798	0.979798	0.979798	0.979798	0.979798	0.979798	0.979798	0.979798	0.979798	0.979798	0.979798	0.979798	0.979798	0.979798	0.979798	0.979798	0.979798	0.979798	0.979798	0.979798	0.979798	0.979798	0.979798	0.979798	0.979798	0.979798	0.979798	0.979798	0.979798	0.979798	0.979798	0.979798	0.979798	0.979798	0.979798	0.979798	0.979798	0.979798	0.979798	0.979798	0.979798	0.979798	0.979798	0.979798	0.979798	0.979798	0.979798	0.979798	0.979798	0.979798	0.979798	0.979798	0.979798	0.979798	0.979798	0.979798	0.979798	0.979798	0.979798	0.979798	0.979798	0.979798	0.979011	0.978223	0.977436	0.976649	0.975862	0.975074	0.974287	0.9735	0.972712	0.971925	0.971138	
0.979583	0.979159	0.979249	0.979339	0.979429	0.97952	0.978968	0.979135	0.979303	0.979471	0.979639	0.979798	0.979798	0.979798	0.979798	0.979798	0.979798	0.979798	0.979798	0.979798	0.979798	0.979798	0.979798	0.979798	0.979798	0.979798	0.979798	0.979798	0.979798	0.979798	0.979798	0.979798	0.979798	0.979798	0.979798	0.979798	0.979798	0.979798	0.979798	0.979798	0.979798	0.979798	0.979798	0.979798	0.979798	0.979798	0.979798	0.979798	0.979798	0.979798	0.979798	0.979798	0.979798	0.979798	0.979798	0.979798	0.979798	0.979798	0.979798	0.979798	0.979798	0.979798	0.979798	0.979798	0.979798	0.979798	0.979798	0.979798	0.979798	0.979798	0.979798	0.979798	0.979798	0.979798	0.979798	0.979798	0.979798	0.979798	0.979798	0.979798	0.979798	0.979798	0.979798	0.979798	0.979798	0.979798	0.979798	0.979798	0.979798	0.979798	0.979798	0.979798	0.979798	0.979798	0.979798	0.979798	0.979798	0.979798	0.979798	0.979798	0.979798	0.979798	0.979798	0.979798	0.979798	0.979798	0.979798	0.979798	0.979798	0.979798	0.979798	0.979798	0.979798	0.979798	0.979798	0.979798	0.979798	0.979798	0.979798	0.979798	0.979798	0.979798	0.979798	0.979798	0.979798	0.979798	0.979798	0.979798	0.979798	0.979798	0.979798	0.979798	0.979798	0.979798	0.979798	0.979798	0.979798	0.979798	0.979798	0.979798	0.979798	0.979798	0.979798	0.979798	0.979798	0.979798	0.979798	0.979798	0.979798	0.979798	0.979798	0.979798	0.979798	0.979798	0.979798	0.979798	0.979798	0.979798	0.979798	0.979798	0.979798	0.979798	0.979798	0.979798	0.979798	0.979798	0.979798	0.979798	0.979798	0.979798	0.979798	0.979798	0.979798	0.979798	0.979798	0.979798	0.979798	0.978995	0.978193	0.97739	0.976587	0.975785	0.974982	0.974179	0.973376	0.972574	0.971771	0.970968	
0.979244	0.979328	0.979412	0.979497	0.979581	0.979078	0.979248	0.979417	0.979586	0.979756	0.979798	0.979798	0.979798	0.979798	0.979798	0.979798	0.979798	0.979798	0.979798	0.979798	0.979798	0.979798	0.979798	0.979798	0.979798	0.979798	0.979798	0.979798	0.979798	0.979798	0.979798	0.979798	0.979798	0.979798	0.979798	0.979798	0.979798	0.979798	0.979798	0.979798	0.979798	0.979798	0.979798	0.979798	0.979798	0.979798	0.979798	0.979798	0.979798	0.979798	0.979798	0.979798	0.979798	0.979798	0.979798	0.979798	0.979798	0.979798	0.979798	0.979798	0.979798	0.979798	0.979798	0.979798	0.979798	0.979798	0.979798	0.979798	0.979798	0.979798	0.979798	0.979798	0.979798	0.979798	0.979798	0.979798	0.979798	0.979798	0.979798	0.979798	0.979798	0.979798	0.979798	0.979798	0.979798	0.979798	0.979798	0.979798	0.979798	0.979798	0.979798	0.979798	0.979798	0.979798	0.979798	0.979798	0.979798	0.979798	0.979798	0.979798	0.979798	0.979798	0.979798	0.979798	0.979798	0.979798	0.979798	0.979798	0.979798	0.979798	0.979798	0.979798	0.979798	0.979798	0.979798	0.979798	0.979798	0.979798	0.979798	0.979798	0.979798	0.979798	0.979798	0.979798	0.979798	0.979798	0.979798	0.979798	0.979798	0.979798	0.979798	0.979798	0.979798	0.979798	0.979798	0.979798	0.979798	0.979798	0.979798	0.979798	0.979798	0.979798	0.979798	0.979798	0.979798	0.979798	0.979798	0.979798	0.979798	0.979798	0.979798	0.979798	0.979798	0.979798	0.979798	0.979798	0.979798	0.979798	0.979798	0.979798	0.979798	0.979798	0.979798	0.979798	0.979798	0.979798	0.979798	0.979798	0.979798	0.979798	0.979798	0.979798	0.979798	0.979798	0.979798	0.979798	0.979798	0.97898	0.978162	0.977344	0.976526	0.975707	0.974889	0.974071	0.973253	0.972435	0.971617	0.970799	
0.979329	0.979413	0.979498	0.979582	0.979189	0.979351	0.979514	0.979676	0.979798	0.979798	0.979798	0.979798	0.979798	0.979798	0.979798	0.979798	0.979798	0.979798	0.979798	0.979798	0.979798	0.979798	0.979798	0.979798	0.979798	0.979798	0.979798	0.979798	0.979798	0.979798	0.979798	0.979798	0.979798	0.979798	0.979798	0.979798	0.979798	0.979798	0.979798	0.979798	0.979798	0.979798	0.979798	0.979798	0.979798	0.979798	0.979798	0.979798	0.979798	0.979798	0.979798	0.979798	0.979798	0.979798	0.979798	0.979798	0.979798	0.979798	0.979798	0.979798	0.979798	0.979798	0.979798	0.979798	0.979798	0.979798	0.979798	0.979798	0.979798	0.979798	0.979798	0.979798	0.979798	0.979798	0.979798	0.979798	0.979798	0.979798	0.979798	0.979798	0.979798	0.979798	0.979798	0.979798	0.979798	0.979798	0.979798	0.979798	0.979798	0.979798	0.979798	0.979798	0.979798	0.979798	0.979798	0.979798	0.979798	0.979798	0.979798	0.979798	0.979798	0.979798	0.979798	0.979798	0.979798	0.979798	0.979798	0.979798	0.979798	0.979798	0.979798	0.979798	0.979798	0.979798	0.979798	0.979798	0.979798	0.979798	0.979798	0.979798	0.979798	0.979798	0.979798	0.979798	0.979798	0.979798	0.979798	0.979798	0.979798	0.979798	0.979798	0.979798	0.979798	0.979798	0.979798	0.979798	0.979798	0.979798	0.979798	0.979798	0.979798	0.979798	0.979798	0.979798	0.979798	0.979798	0.979798	0.979798	0.979798	0.979798	0.979798	0.979798	0.979798	0.979798	0.979798	0.979798	0.979798	0.979798	0.979798	0.979798	0.979798	0.979798	0.979798	0.979798	0.979798	0.979798	0.979798	0.979798	0.979798	0.979798	0.979798	0.979798	0.979798	0.979798	0.979798	0.979798	0.979798	0.979798	0.978964	0.978131	0.977297	0.976464	0.97563	0.974797	0.973963	0.97313	0.972296	0.971463	0.970629	
0.979414	0.979499	0.979583	0.9793	0.979466	0.979632	0.979798	0.979798	0.979798	0.979798	0.979798	0.979798	0.979798	0.979798	0.979798	0.979798	0.979798	0.979798	0.979798	0.979798	0.979798	0.979798	0.979798	0.979798	0.979798	0.979798	0.979798	0.979798	0.979798	0.979798	0.979798	0.979798	0.979798	0.979798	0.979798	0.979798	0.979798	0.979798	0.979798	0.979798	0.979798	0.979798	0.979798	0.979798	0.979798	0.979798	0.979798	0.979798	0.979798	0.979798	0.979798	0.979798	0.979798	0.979798	0.979798	0.979798	0.979798	0.979798	0.979798	0.979798	0.979798	0.979798	0.979798	0.979798	0.979798	0.979798	0.979798	0.979798	0.979798	0.979798	0.979798	0.979798	0.979798	0.979798	0.979798	0.979798	0.979798	0.979798	0.979798	0.979798	0.979798	0.979798	0.979798	0.979798	0.979798	0.979798	0.979798	0.979798	0.979798	0.979798	0.979798	0.979798	0.979798	0.979798	0.979798	0.979798	0.979798	0.979798	0.979798	0.979798	0.979798	0.979798	0.979798	0.979798	0.979798	0.979798	0.979798	0.979798	0.979798	0.979798	0.979798	0.979798	0.979798	0.979798	0.979798	0.979798	0.979798	0.979798	0.979798	0.979798	0.979798	0.979798	0.979798	0.979798	0.979798	0.979798	0.979798	0.979798	0.979798	0.979798	0.979798	0.979798	0.979798	0.979798	0.979798	0.979798	0.979798	0.979798	0.979798	0.979798	0.979798	0.979798	0.979798	0.979798	0.979798	0.979798	0.979798	0.979798	0.979798	0.979798	0.979798	0.979798	0.979798	0.979798	0.979798	0.979798	0.979798	0.979798	0.979798	0.979798	0.979798	0.979798	0.979798	0.979798	0.979798	0.979798	0.979798	0.979798	0.979798	0.979798	0.979798	0.979798	0.979798	0.979798	0.979798	0.979798	0.979798	0.979798	0.978949	0.9781	0.977251	0.976402	0.975553	0.974704	0.973855	0.973007	0.972158	0.971309	0.97046	
0.9795	0.979584	0.979668	0.97941	0.979583	0.979755	0.979798	0.979798	0.979798	0.979798	0.979798	0.979798	0.979798	0.979798	0.979798	0.979798	0.979798	0.979798	0.979798	0.979798	0.979798	0.979798	0.979798	0.979798	0.979798	0.979798	0.979798	0.979798	0.979798	0.979798	0.979798	0.979798	0.979798	0.979798	0.979798	0.979798	0.979798	0.979798	0.979798	0.979798	0.979798	0.979798	0.979798	0.979798	0.979798	0.979798	0.979798	0.979798	0.979798	0.979798	0.979798	0.979798	0.979798	0.979798	0.979798	0.979798	0.979798	0.979798	0.979798	0.979798	0.979798	0.979798	0.979798	0.979798	0.979798	0.979798	0.979798	0.979798	0.979798	0.979798	0.979798	0.979798	0.979798	0.979798	0.979798	0.979798	0.979798	0.979798	0.979798	0.979798	0.979798	0.979798	0.979798	0.979798	0.979798	0.979798	0.979798	0.979798	0.979798	0.979798	0.979798	0.979798	0.979798	0.979798	0.979798	0.979798	0.979798	0.979798	0.979798	0.979798	0.979798	0.979798	0.979798	0.979798	0.979798	0.979798	0.979798	0.979798	0.979798	0.979798	0.979798	0.979798	0.979798	0.979798	0.979798	0.979798	0.979798	0.979798	0.979798	0.979798	0.979798	0.979798	0.979798	0.979798	0.979798	0.979798	0.979798	0.979798	0.979798	0.979798	0.979798	0.979798	0.979798	0.979798	0.979798	0.979798	0.979798	0.979798	0.979798	0.979798	0.979798	0.979798	0.979798	0.979798	0.979798	0.979798	0.979798	0.979798	0.979798	0.979798	0.979798	0.979798	0.979798	0.979798	0.979798	0.979798	0.979798	0.979798	0.979798	0.979798	0.979798	0.979798	0.979798	0.979798	0.979798	0.979798	0.979798	0.979798	0.979798	0.979798	0.979798	0.979798	0.979798	0.979798	0.979798	0.979798	0.979798	0.979798	0.979798	0.978934	0.978069	0.977205	0.976341	0.975476	0.974612	0.973748	0.972883	0.972019	0.971155	0.97029	
0.979726	0.979585	0.979521	0.979679	0.979798	0.979798	0.979798	0.979798	0.979798	0.979798	0.979798	0.979798	0.979798	0.979798	0.979798	0.979798	0.979798	0.979798	0.979798	0.979798	0.979798	0.979798	0.979798	0.979798	0.979798	0.979798	0.979798	0.979798	0.979798	0.979798	0.979798	0.979798	0.979798	0.979798	0.979798	0.979798	0.979798	0.979798	0.979798	0.979798	0.979798	0.979798	0.979798	0.979798	0.979798	0.979798	0.979798	0.979798	0.979798	0.979798	0.979798	0.979798	0.979798	0.979798	0.979798	0.979798	0.979798	0.979798	0.979798	0.979798	0.979798	0.979798	0.979798	0.979798	0.979798	0.979798	0.979798	0.979798	0.979798	0.979798	0.979798	0.979798	0.979798	0.979798	0.979798	0.979798	0.979798	0.979798	0.979798	0.979798	0.979798	0.979798	0.979798	0.979798	0.979798	0.979798	0.979798	0.979798	0.979798	0.979798	0.979798	0.979798	0.979798	0.979798	0.979798	0.979798	0.979798	0.979798	0.979798	0.979798	0.979798	0.979798	0.979798	0.979798	0.979798	0.979798	0.979798	0.979798	0.979798	0.979798	0.979798	0.979798	0.979798	0.979798	0.979798	0.979798	0.979798	0.979798	0.979798	0.979798	0.979798	0.979798	0.979798	0.979798	0.979798	0.979798	0.979798	0.979798	0.979798	0.979798	0.979798	0.979798	0.979798	0.979798	0.979798	0.979798	0.979798	0.979798	0.979798	0.979798	0.979798	0.979798	0.979798	0.979798	0.979798	0.979798	0.979798	0.979798	0.979798	0.979798	0.979798	0.979798	0.979798	0.979798	0.979798	0.979798	0.979798	0.979798	0.979798	0.979798	0.979798	0.979798	0.979798	0.979798	0.979798	0.979798	0.979798	0.979798	0.979798	0.979798	0.979798	0.979798	0.979798	0.979798	0.979798	0.979798	0.979798	0.979798	0.979798	0.979798	0.978918	0.978038	0.977159	0.976279	0.975399	0.974519	0.97364	0.97276	0.97188	0.971001	0.970121	
0.97967	0.979632	0.979798	0.979798	0.979798	0.979798	0.979798	0.979798	0.979798	0.979798	0.979798	0.979798	0.979798	0.979798	0.979798	0.979798	0.979798	0.979798	0.979798	0.979798	0.979798	0.979798	0.979798	0.979798	0.979798	0.979798	0.979798	0.979798	0.979798	0.979798	0.979798	0.979798	0.979798	0.979798	0.979798	0.979798	0.979798	0.979798	0.979798	0.979798	0.979798	0.979798	0.979798	0.979798	0.979798	0.979798	0.979798	0.979798	0.979798	0.979798	0.979798	0.979798	0.979798	0.979798	0.979798	0.979798	0.979798	0.979798	0.979798	0.979798	0.979798	0.979798	0.979798	0.979798	0.979798	0.979798	0.979798	0.979798	0.979798	0.979798	0.979798	0.979798	0.979798	0.979798	0.979798	0.979798	0.979798	0.979798	0.979798	0.979798	0.979798	0.979798	0.979798	0.979798	0.979798	0.979798	0.979798	0.979798	0.979798	0.979798	0.979798	0.979798	0.979798	0.979798	0.979798	0.979798	0.979798	0.979798	0.979798	0.979798	0.979798	0.979798	0.979798	0.979798	0.979798	0.979798	0.979798	0.979798	0.979798	0.979798	0.979798	0.979798	0.979798	0.979798	0.979798	0.979798	0.979798	0.979798	0.979798	0.979798	0.979798	0.979798	0.979798	0.979798	0.979798	0.979798	0.979798	0.979798	0.979798	0.979798	0.979798	0.979798	0.979798	0.979798	0.979798	0.979798	0.979798	0.979798	0.979798	0.979798	0.979798	0.979798	0.979798	0.979798	0.979798	0.979798	0.979798	0.979798	0.979798	0.979798	0.979798	0.979798	0.979798	0.979798	0.979798	0.979798	0.979798	0.979798	0.979798	0.979798	0.979798	0.979798	0.979798	0.979798	0.979798	0.979798	0.979798	0.979798	0.979798	0.979798	0.979798	0.979798	0.979798	0.979798	0.979798	0.979798	0.979798	0.979798	0.979798	0.979798	0.978903	0.978008	0.977113	0.976217	0.975322	0.974427	0.973532	0.972637	0.971742	0.970846	0.969951	
0.979755	0.979743	0.979798	0.979798	0.979798	0.979798	0.979798	0.979798	0.979798	0.979798	0.979798	0.979798	0.979798	0.979798	0.979798	0.979798	0.979798	0.979798	0.979798	0.979798	0.979798	0.979798	0.979798	0.979798	0.979798	0.979798	0.979798	0.979798	0.979798	0.979798	0.979798	0.979798	0.979798	0.979798	0.979798	0.979798	0.979798	0.979798	0.979798	0.979798	0.979798	0.979798	0.979798	0.979798	0.979798	0.979798	0.979798	0.979798	0.979798	0.979798	0.979798	0.979798	0.979798	0.979798	0.979798	0.979798	0.979798	0.979798	0.979798	0.979798	0.979798	0.979798	0.979798	0.979798	0.979798	0.979798	0.979798	0.979798	0.979798	0.979798	0.979798	0.979798	0.979798	0.979798	0.979798	0.979798	0.979798	0.979798	0.979798	0.979798	0.979798	0.979798	0.979798	0.979798	0.979798	0.979798	0.979798	0.979798	0.979798	0.979798	0.979798	0.979798	0.979798	0.979798	0.979798	0.979798	0.979798	0.979798	0.979798	0.979798	0.979798	0.979798	0.979798	0.979798	0.979798	0.979798	0.979798	0.979798	0.979798	0.979798	0.979798	0.979798	0.979798	0.979798	0.979798	0.979798	0.979798	0.979798	0.979798	0.979798	0.979798	0.979798	0.979798	0.979798	0.979798	0.979798	0.979798	0.979798	0.979798	0.979798	0.979798	0.979798	0.979798	0.979798	0.979798	0.979798	0.979798	0.979798	0.979798	0.979798	0.979798	0.979798	0.979798	0.979798	0.979798	0.979798	0.979798	0.979798	0.979798	0.979798	0.979798	0.979798	0.979798	0.979798	0.979798	0.979798	0.979798	0.979798	0.979798	0.979798	0.979798	0.979798	0.979798	0.979798	0.979798	0.979798	0.979798	0.979798	0.979798	0.979798	0.979798	0.979798	0.979798	0.979798	0.979798	0.979798	0.979798	0.979798	0.979798	0.979798	0.979798	0.978887	0.977977	0.977066	0.976156	0.975245	0.974335	0.973424	0.972513	0.971603	0.970692	0.969782	
0.979759	0.979756	0.979812	0.979941	0.980052	0.980164	0.980275	0.980387	0.980498	0.98061	0.980721	0.980833	0.980944	0.981056	0.981167	0.981279	0.98139	0.981502	
0.979892	0.980006	0.980119	0.980233	0.980347	0.980461	0.980574	0.980688	0.980802	0.980916	0.98103	0.981143	0.981257	0.981371	0.981485	
0.979954	0.980062	0.980171	0.980279	0.980387	0.980495	0.980603	0.980711	0.980819	0.980927	0.981035	0.981143	0.981251	0.98136	0.981468	
0.980017	0.980127	0.980238	0.980348	0.980458	0.980568	0.980679	0.980789	0.980899	0.981009	0.98112	0.98123	0.98134	0.981451	
0.98008	0.980192	0.980305	0.980418	0.980531	0.980644	0.980757	0.980869	0.980982	0.981095	0.981208	0.981321	0.981434	
0.980142	0.980258	0.980374	0.98049	0.980606	0.980721	0.980837	0.980953	0.981069	0.981185	0.981301	0.981416	
0.980205	0.980313	0.980422	0.980531	0.980639	0.980748	0.980856	0.980965	0.981074	0.981182	0.981291	0.981399	
0.980267	0.980379	0.98049	0.980602	0.980713	0.980825	0.980936	0.981048	0.981159	0.981271	0.981382	
0.98033	0.980433	0.980537	0.98064	0.980744	0.980848	0.980951	0.981055	0.981158	0.981262	0.981365	
0.980392	0.980499	0.980605	0.980711	0.980817	0.980923	0.98103	0.981136	0.981242	0.981348	
0.980455	0.980564	0.980674	0.980784	0.980893	0.981003	0.981112	0.981222	0.981331	
0.980518	0.980617	0.980717	0.980816	0.980916	0.981015	0.981115	0.981215	0.981314	
0.98058	0.980683	0.980785	0.980887	0.98099	0.981092	0.981195	0.981297	
0.980643	0.980749	0.980855	0.980961	0.981068	0.981174	0.98128	
0.980705	0.980817	0.980928	0.98104	0.981151	0.981263	
0.980768	0.980863	0.980959	0.981055	0.98115	0.981246	
0.98083	0.98093	0.98103	0.981129	0.981229	
0.980893	0.980999	0.981106	0.981212	
0.980956	0.981075	0.981195	
0.981018	0.981098	0.981178	
0.981081	0.981161	





































































































































































































































